[0m[38;2;0;0;0m          [38;2;19;19;19m [38;2;2;7;7m [38;2;6;21;23m [38;2;11;35;40m [38;2;13;48;56m.[38;2;19;58;67m.[38;2;19;58;68m.[38;2;14;50;58m.[38;2;12;37;43m.[38;2;6;22;25m [38;2;3;8;9m [38;2;23;23;23m [38;2;0;0;0m          [0m
[0m[38;2;0;0;0m      [38;2;10;10;10m [38;2;3;9;10m [38;2;13;41;48m.[38;2;30;96;114m,[38;2;49;153;182ml[38;2;59;161;198mo[38;2;83;164;196mo[38;2;105;173;200md[38;2;119;178;203mx[38;2;125;180;204mx[38;2;123;178;202mx[38;2;117;176;201mx[38;2;106;172;199md[38;2;86;166;197md[38;2;62;161;198mo[38;2;50;157;188ml[38;2;31;104;123m,[38;2;14;46;53m.[38;2;4;12;13m [38;2;15;15;15m [38;2;0;0;0m      [0m
[0m[38;2;0;0;0m    [38;2;0;1;1m [38;2;10;30;34m [38;2;35;112;134m;[38;2;60;155;190mo[38;2;117;177;202mx[38;2;169;203;218m0[38;2;208;223;232mX[38;2;236;239;242mW[38;2;241;242;244mW[38;2;238;239;242mW[38;2;234;235;238mN[38;2;229;231;235mN[38;2;216;218;224mX[38;2;207;210;217mK[38;2;208;211;218mK[38;2;211;214;220mK[38;2;211;216;222mX[38;2;191;208;218mK[38;2;162;196;211mO[38;2;121;179;202mx[38;2;66;158;193mo[38;2;38;123;146m:[38;2;12;37;43m.[38;2;1;2;2m [38;2;0;0;0m    [0m
[0m[38;2;0;0;0m  [38;2;2;2;2m [38;2;4;14;15m [38;2;26;89;107m'[38;2;62;148;181mc[38;2;148;188;206mk[38;2;202;210;218mK[38;2;215;217;223mX[38;2;241;242;244mW[38;2;246;246;247mW[38;2;243;244;245mW[38;2;239;240;242mW[38;2;235;235;238mN[38;2;229;230;233mN[38;2;222;224;228mX[38;2;215;216;221mX[38;2;202;204;210mK[38;2;197;199;205m0[38;2;196;198;203m0[38;2;195;197;202m0[38;2;194;197;202m0[38;2;194;198;203m0[38;2;196;202;207m0[38;2;201;211;218mK[38;2;157;195;211mO[38;2;72;154;187mo[38;2;28;98;119m,[38;2;7;19;22m [38;2;6;6;6m [38;2;0;0;0m  [0m
[0m[38;2;0;0;0m [38;2;0;0;0m [38;2;6;19;21m [38;2;25;91;113m'[38;2;86;158;188mo[38;2;197;211;221mK[38;2;196;200;208m0[38;2;191;194;201m0[38;2;193;195;202m0[38;2;203;205;211mK[38;2;226;227;230mN[38;2;232;233;236mN[38;2;231;231;234mN[38;2;226;226;230mN[38;2;219;220;224mX[38;2;212;213;217mK[38;2;203;205;209mK[38;2;193;195;200m0[38;2;185;186;191mO[38;2;181;182;188mO[38;2;179;180;185mO[38;2;177;178;182mk[38;2;174;175;179mk[38;2;172;173;177mk[38;2;170;174;178mk[38;2;173;182;188mO[38;2;190;209;217mK[38;2;103;172;200md[38;2;28;97;122m,[38;2;8;27;30m [38;2;4;4;4m [38;2;0;0;0m [0m
[0m[38;2;0;0;0m [38;2;2;6;7m [38;2;19;74;92m.[38;2;71;147;178ml[38;2;203;217;226mK[38;2;181;187;194mO[38;2;175;177;184mk[38;2;174;176;182mk[38;2;175;177;183mk[38;2;180;181;187mO[38;2;190;191;196m0[38;2;204;205;209mK[38;2;208;209;213mK[38;2;207;208;211mK[38;2;202;203;206m0[38;2;194;195;199m0[38;2;185;186;190mO[38;2;174;176;180mk[38;2;164;166;170mx[38;2;158;160;164mx[38;2;154;155;160md[38;2;151;152;156md[38;2;148;149;152md[38;2;144;145;148md[38;2;141;141;144mo[38;2;138;140;143mo[38;2;139;152;159md[38;2;189;208;217mK[38;2;90;163;193mo[38;2;22;81;101m'[38;2;4;12;13m [38;2;0;0;0m [0m
[0m[38;2;11;11;11m [38;2;11;41;49m.[38;2;37;109;136m;[38;2;170;204;221m0[38;2;184;193;199mO[38;2;152;156;162md[38;2;151;152;157md[38;2;151;152;157md[38;2;151;153;158md[38;2;153;155;160md[38;2;159;160;165mx[38;2;166;167;172mx[38;2;172;173;177mk[38;2;173;173;178mk[38;2;169;170;174mk[38;2;162;163;167mx[38;2;154;155;159md[38;2;146;147;151md[38;2;137;138;142mo[38;2;131;132;136ml[38;2;126;127;131ml[38;2;122;123;126ml[38;2;118;119;122mc[38;2;114;115;117mc[38;2;110;110;112mc[38;2;105;106;108m:[38;2;103;108;111m:[38;2;128;147;155mo[38;2;177;210;225m0[38;2;46;121;149m:[38;2;13;51;61m.[38;2;25;25;25m [0m
[0m[38;2;1;5;5m [38;2;17;64;80m.[38;2;80;150;179mo[38;2;178;195;204mO[38;2;149;157;163md[38;2;122;124;128ml[38;2;122;123;127ml[38;2;122;123;127ml[38;2;122;123;128ml[38;2;123;124;128ml[38;2;124;125;129ml[38;2;126;126;131ml[38;2;127;128;132ml[38;2;126;127;131ml[38;2;123;124;128ml[38;2;119;120;124mc[38;2;115;115;119mc[38;2;109;110;114mc[38;2;105;105;109m:[38;2;100;101;104m:[38;2;95;96;99m;[38;2;91;92;94m;[38;2;87;88;90m;[38;2;83;83;85m,[38;2;79;79;80m,[38;2;74;74;75m'[38;2;70;71;73m'[38;2;81;95;101m;[38;2;145;172;182mx[38;2;94;164;193md[38;2;20;71;89m.[38;2;3;9;10m [0m
[0m[38;2;4;16;18m [38;2;24;78;98m'[38;2;113;171;197mx[38;2;143;163;172mx[38;2;118;124;129ml[38;2;92;93;96m;[38;2;91;92;95m;[38;2;91;92;95m;[38;2;91;92;95m;[38;2;91;92;95m;[38;2;91;91;95m;[38;2;90;90;94m;[38;2;89;89;93m;[38;2;87;88;91m;[38;2;85;85;89m,[38;2;82;83;86m,[38;2;79;80;83m,[38;2;76;77;80m,[38;2;73;73;76m'[38;2;69;69;72m'[38;2;65;66;68m'[38;2;61;62;63m.[38;2;58;58;59m.[38;2;54;54;55m.[38;2;50;50;51m.[38;2;46;46;47m.[38;2;42;43;43m.[38;2;50;59;62m.[38;2;98;127;137mc[38;2;114;175;201mx[38;2;28;86;108m'[38;2;7;25;29m [0m
[0m[38;2;7;24;28m [38;2;28;84;105m'[38;2;117;170;194mx[38;2;114;135;144ml[38;2;95;100;103m:[38;2;65;65;67m'[38;2;62;62;64m.[38;2;62;62;64m.[38;2;62;62;64m.[38;2;61;62;64m.[38;2;61;61;64m.[38;2;60;60;63m.[38;2;59;59;61m.[38;2;57;58;60m.[38;2;55;56;58m.[38;2;53;53;55m.[38;2;51;51;53m.[38;2;48;49;50m.[38;2;45;46;47m.[38;2;42;43;44m.[38;2;39;40;41m.[38;2;36;36;37m.[38;2;33;33;34m.[38;2;30;30;30m.[38;2;27;27;27m [38;2;24;24;24m [38;2;23;23;23m [38;2;34;39;41m.[38;2;79;104;113m;[38;2;107;162;186md[38;2;35;96;120m,[38;2;9;35;41m [0m
[0m[38;2;6;20;24m [38;2;26;79;99m'[38;2;104;161;186md[38;2;95;119;129mc[38;2;81;86;89m,[38;2;51;52;53m.[38;2;36;37;38m.[38;2;36;36;37m.[38;2;36;36;37m.[38;2;36;36;37m.[38;2;35;35;37m.[38;2;34;35;36m.[38;2;34;34;35m.[38;2;32;32;34m.[38;2;31;31;32m.[38;2;29;29;30m.[38;2;27;27;28m [38;2;25;25;26m [38;2;23;23;24m [38;2;21;21;21m [38;2;18;18;19m [38;2;16;16;16m [38;2;14;14;14m [38;2;13;13;13m [38;2;12;12;12m [38;2;12;12;12m [38;2;11;12;12m [38;2;29;34;36m.[38;2;74;99;108m;[38;2;102;158;182mo[38;2;33;90;112m,[38;2;8;30;35m [0m
[0m[38;2;3;9;11m [38;2;20;64;80m.[38;2;87;151;178mo[38;2;84;119;131m:[38;2;43;75;87m'[38;2;29;109;139m;[38;2;24;98;126m,[38;2;29;85;107m'[38;2;27;61;74m.[38;2;16;30;35m [38;2;15;19;21m [38;2;14;15;15m [38;2;14;14;14m [38;2;13;13;14m [38;2;13;13;13m [38;2;12;12;13m [38;2;11;11;11m [38;2;10;10;10m [38;2;8;8;9m [38;2;7;7;7m [38;2;6;6;6m [38;2;6;8;9m [38;2;6;16;19m [38;2;15;42;53m.[38;2;21;72;91m.[38;2;15;85;111m'[38;2;12;92;122m'[38;2;26;74;93m.[38;2;75;107;119m:[38;2;96;157;184mo[38;2;24;72;90m.[38;2;5;15;18m [0m
[0m[38;2;0;1;1m [38;2;11;40;50m.[38;2;61;125;152m:[38;2;83;130;148mc[38;2;56;91;105m,[38;2;14;132;175m:[38;2;6;147;200mc[38;2;25;160;210ml[38;2;57;174;219mo[38;2;79;173;209md[38;2;67;131;154mc[38;2;24;53;64m.[38;2;8;14;16m [38;2;10;10;10m [38;2;12;12;12m [38;2;13;13;13m [38;2;13;13;13m [38;2;12;12;12m [38;2;9;9;9m [38;2;7;10;12m [38;2;12;32;40m [38;2;57;110;130m;[38;2;78;164;196mo[38;2;66;178;220md[38;2;34;164;213ml[38;2;9;150;203mc[38;2;10;144;193m:[38;2;38;86;105m'[38;2;78;123;140mc[38;2;69;135;163ml[38;2;13;47;59m.[38;2;1;3;3m [0m
[0m[38;2;16;16;16m [38;2;2;8;10m [38;2;20;57;72m.[38;2;78;140;167ml[38;2;84;122;136mc[38;2;55;100;118m;[38;2;13;134;180m:[38;2;3;142;194m:[38;2;19;154;205mc[38;2;45;168;214mo[38;2;72;180;221md[38;2;95;185;218mx[38;2;54;111;132m;[38;2;14;28;34m [38;2;19;20;21m [38;2;23;23;23m [38;2;23;23;23m [38;2;20;21;21m [38;2;15;23;26m [38;2;35;78;94m'[38;2;91;174;205md[38;2;80;183;222mx[38;2;53;172;217mo[38;2;26;158;208ml[38;2;6;145;197m:[38;2;9;139;188m:[38;2;35;100;124m,[38;2;68;104;118m;[38;2;73;137;164ml[38;2;25;67;83m.[38;2;3;12;15m [38;2;27;27;27m [0m
[0m[38;2;0;0;0m [38;2;46;46;46m [38;2;3;9;11m [38;2;20;55;69m.[38;2;74;133;158mc[38;2;101;134;147ml[38;2;88;114;125m:[38;2;32;112;143m;[38;2;8;133;181m:[38;2;6;139;190m:[38;2;18;149;199mc[38;2;35;159;206ml[38;2;53;165;208mo[38;2;41;115;143m;[38;2;32;46;51m.[38;2;42;43;43m.[38;2;43;43;44m.[38;2;36;43;46m.[38;2;32;85;105m'[38;2;55;163;203mo[38;2;40;161;207ml[38;2;22;152;201mc[38;2;8;142;193m:[38;2;6;136;185m:[38;2;21;115;150m;[38;2;63;100;114m;[38;2;70;106;119m;[38;2;67;129;155mc[38;2;25;65;80m.[38;2;4;13;16m [38;2;62;62;62m [38;2;0;0;0m [0m
[0m[38;2;0;0;0m  [38;2;45;45;45m [38;2;1;4;5m [38;2;14;42;52m.[38;2;65;120;143m:[38;2;110;146;159mo[38;2;123;137;142mo[38;2;96;118;126mc[38;2;67;124;146m:[38;2;34;123;157m:[38;2;19;129;170m:[38;2;20;139;183m:[38;2;29;143;185mc[38;2;47;101;121m;[38;2;69;75;78m'[38;2;71;74;77m'[38;2;56;87;100m,[38;2;31;138;177mc[38;2;22;141;186mc[38;2;18;132;175m:[38;2;27;123;159m;[38;2;53;119;144m:[38;2;72;102;113m;[38;2;84;101;107m;[38;2;75;114;129m:[38;2;62;121;146m:[38;2;18;50;62m.[38;2;2;7;9m [38;2;60;60;60m [38;2;0;0;0m  [0m
[0m[38;2;0;0;0m   [38;2;27;27;27m [38;2;0;1;1m [38;2;8;27;34m [38;2;47;94;114m,[38;2;109;150;167mo[38;2;113;129;136ml[38;2;97;103;106m:[38;2;85;88;91m;[38;2;84;91;95m;[38;2;81;97;105m;[38;2;78;103;113m;[38;2;85;105;114m:[38;2;105;108;112m:[38;2;106;108;111m:[38;2;92;107;115m:[38;2;79;104;115m;[38;2;80;98;107m;[38;2;82;91;97m;[38;2;81;84;87m,[38;2;70;76;79m'[38;2;79;96;104m;[38;2;92;133;150ml[38;2;54;104;125m;[38;2;11;34;42m [38;2;1;3;3m [38;2;40;40;40m [38;2;0;0;0m   [0m
[0m[38;2;0;0;0m    [38;2;10;10;10m [38;2;101;101;101m [38;2;3;11;14m [38;2;22;54;66m.[38;2;84;129;148mc[38;2;123;146;156mo[38;2;103;113;118mc[38;2;100;103;106m:[38;2;113;114;117mc[38;2;126;127;129ml[38;2;134;135;137mo[38;2;138;139;141mo[38;2;139;140;142mo[38;2;136;137;139mo[38;2;130;130;132ml[38;2;118;119;121mc[38;2;105;108;111m:[38;2;98;106;111m:[38;2;106;127;138ml[38;2;89;133;152ml[38;2;28;62;76m.[38;2;4;15;18m [38;2;115;115;115m [38;2;15;15;15m [38;2;0;0;0m    [0m
[0m[38;2;0;0;0m      [38;2;52;52;52m [38;2;1;2;3m [38;2;10;29;36m [38;2;44;83;99m'[38;2;118;147;160mo[38;2;132;145;151mo[38;2;133;139;143mo[38;2;146;148;151md[38;2;157;158;161mx[38;2;163;164;166mx[38;2;164;165;167mx[38;2;160;161;163mx[38;2;150;152;155md[38;2;138;143;147mo[38;2;132;143;149mo[38;2;120;146;159mo[38;2;53;92;109m,[38;2;12;34;42m [38;2;1;4;4m [38;2;70;70;70m [38;2;0;0;0m      [0m
[0m[38;2;0;0;0m       [38;2;15;15;15m [38;2;104;104;104m [38;2;2;5;6m [38;2;11;30;37m [38;2;46;76;89m'[38;2;107;132;145ml[38;2;162;172;179mx[38;2;172;177;181mk[38;2;175;178;181mk[38;2;176;178;182mk[38;2;175;178;182mk[38;2;169;177;183mk[38;2;116;139;150ml[38;2;53;83;96m,[38;2;13;34;42m [38;2;2;7;9m [38;2;111;111;111m [38;2;20;20;20m [38;2;0;0;0m       [0m
[0m[38;2;0;0;0m         [38;2;23;23;23m [38;2;85;85;85m [38;2;125;125;125m [38;2;2;5;6m [38;2;8;19;23m [38;2;21;37;43m.[38;2;33;50;57m.[38;2;33;50;58m.[38;2;23;39;45m.[38;2;9;21;26m [38;2;2;7;8m [38;2;130;130;130m [38;2;89;89;89m [38;2;31;31;31m [38;2;0;0;0m         [0m
[0m[38;2;0;0;0m            [38;2;45;45;45m [38;2;110;110;110m [38;2;146;146;146m [38;2;160;160;160m [38;2;161;161;161m [38;2;146;146;146m [38;2;114;114;114m [38;2;57;57;57m [38;2;0;0;0m            [0m
