[0m[38;2;255;255;255m  [38;2;147;147;147m [38;2;0;0;0m                         [38;2;15;15;15m [38;2;241;241;241m [38;2;6;6;6m [38;2;2;2;2m [38;2;0;0;0m [38;2;0;0;0m [38;2;0;0;0m [38;2;2;2;2m [38;2;196;196;196m [38;2;255;255;255m   [0m
[0m[38;2;255;255;255m  [38;2;147;147;147m [38;2;0;0;0m                   [38;2;0;0;0m [38;2;0;0;0m [38;2;0;0;0m [38;2;14;14;14m [38;2;51;51;50m.[38;2;77;77;77m,[38;2;61;61;60m.[38;2;89;88;88m;[38;2;43;43;43m.[38;2;91;91;91m;[38;2;135;135;135mo[38;2;175;175;174mk[38;2;171;171;171mk[38;2;1;1;1m [38;2;77;77;77m [38;2;255;255;255m   [0m
[0m[38;2;255;255;255m  [38;2;147;147;147m [38;2;0;0;0m              [38;2;0;0;0m [38;2;0;0;0m [38;2;0;0;0m [38;2;25;25;25m [38;2;74;74;74m'[38;2;118;118;118mc[38;2;161;161;161mx[38;2;201;201;201m0[38;2;170;170;170mk[38;2;57;57;57m.[38;2;32;32;32m.[38;2;124;124;124ml[38;2;193;192;192m0[38;2;236;236;236mN[38;2;147;147;146mo[38;2;13;13;13m [38;2;3;3;3m [38;2;22;22;22m [38;2;0;0;0m [38;2;77;77;77m [38;2;255;255;255m   [0m
[0m[38;2;255;255;255m  [38;2;147;147;147m [38;2;0;0;0m         [38;2;0;0;0m [38;2;0;0;0m [38;2;0;0;0m [38;2;22;22;22m [38;2;65;65;65m'[38;2;108;108;108m:[38;2;149;149;149md[38;2;192;192;192m0[38;2;225;224;224mX[38;2;225;225;225mX[38;2;226;226;226mX[38;2;227;227;227mN[38;2;228;228;227mN[38;2;224;223;223mX[38;2;206;205;205mK[38;2;192;191;191m0[38;2;231;231;231mN[38;2;131;131;130ml[38;2;7;7;7m [38;2;9;9;9m [38;2;0;0;0m [38;2;0;0;0m [38;2;1;1;1m [38;2;0;0;0m [38;2;77;77;77m [38;2;255;255;255m   [0m
[0m[38;2;255;255;255m  [38;2;147;147;147m [38;2;0;0;0m    [38;2;0;0;0m [38;2;0;0;0m [38;2;0;0;0m [38;2;20;20;20m [38;2;62;62;62m.[38;2;102;103;103m:[38;2;146;146;146md[38;2;191;191;191mO[38;2;220;220;220mX[38;2;221;221;221mX[38;2;222;222;222mX[38;2;223;223;223mX[38;2;224;224;224mX[38;2;225;224;224mX[38;2;226;225;225mX[38;2;226;226;226mN[38;2;228;228;227mN[38;2;229;229;229mN[38;2;230;230;229mN[38;2;230;230;230mN[38;2;117;117;117mc[38;2;7;7;7m [38;2;11;11;11m [38;2;0;0;0m      [38;2;77;77;77m [38;2;255;255;255m   [0m
[0m[38;2;255;255;255m  [38;2;182;182;182m [38;2;26;26;26m [38;2;0;0;0m [38;2;18;17;17m [38;2;60;60;60m.[38;2;107;107;107m:[38;2;144;144;144mo[38;2;178;178;177mk[38;2;208;208;208mK[38;2;211;211;211mK[38;2;213;213;213mK[38;2;214;214;215mK[38;2;216;216;216mX[38;2;217;217;217mX[38;2;219;218;218mX[38;2;219;219;219mX[38;2;220;220;220mX[38;2;222;221;221mX[38;2;223;223;223mX[38;2;224;224;224mX[38;2;225;225;225mX[38;2;226;225;225mX[38;2;228;228;228mN[38;2;110;110;110mc[38;2;6;6;6m [38;2;10;10;10m [38;2;0;0;0m        [38;2;77;77;77m [38;2;255;255;255m   [0m
[0m[38;2;255;255;255m  [38;2;189;189;189m [38;2;10;10;10m [38;2;30;30;30m.[38;2;70;70;70m'[38;2;123;123;123ml[38;2;181;180;180mO[38;2;198;197;197m0[38;2;200;200;200m0[38;2;201;201;201m0[38;2;204;204;203mK[38;2;205;205;205mK[38;2;207;207;207mK[38;2;208;208;208mK[38;2;210;210;210mK[38;2;211;211;211mK[38;2;213;213;213mK[38;2;214;214;214mK[38;2;215;215;215mX[38;2;216;216;216mX[38;2;217;217;217mX[38;2;219;219;219mX[38;2;93;93;93m;[38;2;4;4;4m [38;2;8;8;8m [38;2;0;0;0m          [38;2;77;77;77m [38;2;255;255;255m   [0m
[0m[38;2;255;255;255m [38;2;253;253;253m [38;2;98;98;98m [38;2;9;9;9m [38;2;30;30;30m [38;2;32;32;32m [38;2;2;2;2m [38;2;12;12;12m [38;2;100;100;100m;[38;2;179;179;179mk[38;2;192;192;191m0[38;2;193;193;193m0[38;2;195;195;195m0[38;2;197;197;197m0[38;2;199;198;198m0[38;2;199;199;199m0[38;2;200;200;200m0[38;2;201;201;201m0[38;2;202;202;202m0[38;2;204;204;204mK[38;2;206;206;206mK[38;2;70;70;70m'[38;2;4;4;4m [38;2;5;5;5m [38;2;0;0;0m            [38;2;77;77;77m [38;2;255;255;255m   [0m
[0m[38;2;255;255;255m  [38;2;202;202;202m [38;2;165;165;165m [38;2;148;148;148m [38;2;10;10;10m [38;2;28;28;28m [38;2;8;8;8m [38;2;34;34;34m.[38;2;134;134;134mo[38;2;184;183;183mO[38;2;186;186;185mO[38;2;188;187;187mO[38;2;189;188;188mO[38;2;188;188;187mO[38;2;189;188;188mO[38;2;190;189;189mO[38;2;191;190;190mO[38;2;191;190;190mO[38;2;107;107;107m:[38;2;29;29;29m.[38;2;0;0;0m [38;2;0;0;0m     [38;2;0;0;0m [38;2;0;0;0m [38;2;0;0;0m [38;2;0;0;0m [38;2;0;0;0m [38;2;0;0;0m    [38;2;77;77;77m [38;2;255;255;255m   [0m
[0m[38;2;255;255;255m    [38;2;223;223;223m [38;2;0;0;0m [38;2;0;0;0m  [38;2;0;0;0m [38;2;6;5;5m [38;2;180;180;180mO[38;2;181;181;180mO[38;2;182;181;181mO[38;2;182;182;181mO[38;2;183;183;182mO[38;2;183;182;182mO[38;2;179;179;178mO[38;2;99;99;99m;[38;2;113;113;113mc[38;2;93;93;93m;[38;2;6;6;6m [38;2;0;0;0m    [38;2;0;0;0m [38;2;4;4;4m [38;2;62;62;62m.[38;2;107;107;107m:[38;2;124;123;123ml[38;2;102;102;102m:[38;2;4;4;4m [38;2;0;0;0m [38;2;0;0;0m   [38;2;77;77;77m [38;2;255;255;255m   [0m
[0m[38;2;255;255;255m    [38;2;204;204;204m [38;2;0;0;0m    [38;2;2;2;1m [38;2;181;180;181mO[38;2;179;178;178mk[38;2;179;179;179mk[38;2;179;179;179mk[38;2;170;169;169mk[38;2;93;93;93m;[38;2;109;109;109m:[38;2;151;151;150md[38;2;167;167;167mk[38;2;8;8;8m [38;2;0;0;0m [38;2;0;0;0m  [38;2;0;0;0m [38;2;0;0;0m [38;2;3;3;3m [38;2;52;52;52m.[38;2;102;102;102m:[38;2;154;154;154md[38;2;174;174;173mk[38;2;142;142;142mo[38;2;17;17;17m [38;2;0;0;0m [38;2;0;0;0m   [38;2;77;77;77m [38;2;255;255;255m   [0m
[0m[38;2;255;255;255m  [38;2;252;252;252m [38;2;155;155;155m [38;2;18;18;18m [38;2;0;0;0m   [38;2;0;0;0m [38;2;7;7;7m [38;2;181;181;181mO[38;2;179;179;179mk[38;2;161;161;161mx[38;2;98;98;98m;[38;2;113;113;113mc[38;2;158;157;157mx[38;2;173;173;173mk[38;2;170;169;169mk[38;2;39;39;39m.[38;2;0;0;0m [38;2;0;0;0m [38;2;4;4;4m [38;2;40;40;40m.[38;2;77;77;77m,[38;2;113;113;113mc[38;2;147;147;147md[38;2;152;152;152md[38;2;151;151;151md[38;2;42;42;42m.[38;2;3;3;3m [38;2;11;11;11m [38;2;0;0;0m     [38;2;77;77;77m [38;2;255;255;255m   [0m
[0m[38;2;254;254;254m [38;2;174;174;174m [38;2;67;67;67m [38;2;0;0;0m [38;2;0;0;0m    [38;2;0;0;0m [38;2;20;20;20m [38;2;143;143;143mo[38;2;54;54;54m.[38;2;114;113;113mc[38;2;167;167;167mx[38;2;178;177;177mk[38;2;174;174;174mk[38;2;171;171;170mk[38;2;167;166;166mx[38;2;110;110;110m:[38;2;74;74;74m'[38;2;111;110;110mc[38;2;143;143;143mo[38;2;145;145;145mo[38;2;142;142;142mo[38;2;139;139;139mo[38;2;89;89;89m;[38;2;11;11;11m [38;2;23;23;23m [38;2;0;0;0m [38;2;0;0;0m     [38;2;0;0;0m [38;2;0;0;0m [38;2;77;77;77m [38;2;255;255;255m   [0m
[0m[38;2;114;114;114m [38;2;0;0;0m [38;2;0;0;0m       [38;2;25;25;25m [38;2;17;17;17m [38;2;30;30;30m [38;2;177;177;177mk[38;2;177;176;176mk[38;2;175;175;174mk[38;2;172;171;171mk[38;2;167;167;167mx[38;2;162;162;162mx[38;2;157;157;157mx[38;2;153;153;153md[38;2;149;148;148md[38;2;144;144;144mo[38;2;135;135;135mo[38;2;29;29;29m [38;2;1;1;1m [38;2;3;3;3m [38;2;0;0;0m    [38;2;0;0;0m [38;2;0;0;0m [38;2;0;0;0m [38;2;1;1;1m [38;2;2;2;2m [38;2;2;2;2m [38;2;78;78;78m [38;2;255;255;255m   [0m
[0m[38;2;6;6;6m [38;2;2;2;2m [38;2;1;1;1m [38;2;1;1;1m [38;2;1;1;1m [38;2;1;1;1m [38;2;1;1;1m [38;2;0;0;0m [38;2;0;0;0m [38;2;0;0;0m  [38;2;4;4;4m [38;2;1;1;1m [38;2;28;28;28m.[38;2;153;153;153md[38;2;164;163;163mx[38;2;160;160;160mx[38;2;157;156;157md[38;2;153;152;153md[38;2;148;148;148md[38;2;78;78;78m,[38;2;8;8;8m [38;2;19;19;19m [38;2;0;0;0m  [38;2;0;0;0m [38;2;0;0;0m [38;2;0;0;0m [38;2;1;1;1m [38;2;1;1;1m [38;2;2;2;2m [38;2;2;2;2m     [38;2;78;78;78m [38;2;255;255;255m   [0m
[0m[38;2;2;2;2m        [38;2;3;3;3m [38;2;2;2;2m [38;2;1;1;1m [38;2;0;0;0m [38;2;0;0;0m [38;2;0;0;0m [38;2;20;20;20m [38;2;2;2;2m [38;2;20;20;20m [38;2;78;78;78m'[38;2;22;22;22m [38;2;1;1;1m [38;2;2;2;2m [38;2;0;0;0m [38;2;0;0;0m [38;2;1;1;1m [38;2;2;2;2m [38;2;2;2;2m [38;2;2;2;2m [38;2;2;2;2m  [38;2;2;2;2m [38;2;2;2;2m      [38;2;78;78;78m [38;2;255;255;255m   [0m
[0m[38;2;2;2;2m    [38;2;2;2;2m [38;2;1;0;0m [38;2;57;55;55m.[38;2;60;59;59m.[38;2;94;93;93m;[38;2;91;90;90m;[38;2;12;10;10m [38;2;94;92;92m;[38;2;46;45;45m.[38;2;11;11;11m [38;2;62;61;61m'[38;2;94;93;93m;[38;2;8;7;7m [38;2;22;22;22m [38;2;12;12;12m [38;2;8;8;8m [38;2;44;43;43m.[38;2;87;86;87m,[38;2;12;11;11m [38;2;78;77;77m'[38;2;70;69;69m'[38;2;7;7;7m [38;2;12;11;11m [38;2;88;87;87m;[38;2;41;40;40m.[38;2;41;40;40m.[38;2;70;69;69m'[38;2;10;9;9m [38;2;6;6;6m [38;2;6;6;6m [38;2;3;3;3m [38;2;4;4;4m [38;2;78;78;78m [38;2;255;255;255m   [0m
[0m[38;2;2;2;2m [38;2;2;2;2m [38;2;2;2;2m [38;2;13;11;11m [38;2;86;85;85m,[38;2;134;134;134mo[38;2;102;102;102m:[38;2;85;84;84m,[38;2;206;207;207mK[38;2;46;46;46m.[38;2;147;147;147md[38;2;119;120;120ml[38;2;11;11;11m [38;2;14;12;12m [38;2;193;194;194m0[38;2;62;61;61m.[38;2;117;116;116mc[38;2;173;173;173mk[38;2;42;40;40m.[38;2;44;42;43m.[38;2;162;162;162mx[38;2;39;39;39m.[38;2;26;24;24m [38;2;177;178;178mk[38;2;14;13;13m [38;2;2;2;2m [38;2;71;70;70m,[38;2;140;141;141mo[38;2;26;26;26m [38;2;169;170;170mk[38;2;81;80;80m,[38;2;36;34;34m.[38;2;34;32;33m.[38;2;9;8;8m [38;2;2;2;2m [38;2;2;2;2m [38;2;78;78;78m [38;2;255;255;255m   [0m
[0m[38;2;1;0;0m [38;2;38;36;37m.[38;2;67;66;67m'[38;2;8;8;8m [38;2;32;32;32m [38;2;12;12;12m [38;2;41;39;39m.[38;2;179;180;180mO[38;2;44;44;44m.[38;2;70;69;69m'[38;2;193;194;195m0[38;2;53;52;52m.[38;2;40;38;38m.[38;2;153;153;153md[38;2;49;49;49m.[38;2;78;77;77m,[38;2;165;166;166mx[38;2;3;3;3m [38;2;58;58;58m.[38;2;153;154;154md[38;2;41;39;39m.[38;2;8;6;6m [38;2;155;155;155md[38;2;113;113;113mc[38;2;33;31;31m.[38;2;64;62;62m.[38;2;143;143;144md[38;2;45;44;45m.[38;2;34;31;32m.[38;2;36;34;34m.[38;2;34;32;32m.[38;2;69;69;69m'[38;2;124;125;126ml[38;2;2;2;2m [38;2;61;61;61m [38;2;86;86;86m [38;2;137;137;137m [38;2;255;255;255m   [0m
[0m[38;2;13;13;13m [38;2;13;13;13m [38;2;5;5;5m [38;2;2;2;2m [38;2;2;2;2m [38;2;4;4;4m [38;2;13;13;13m [38;2;14;14;14m [38;2;3;3;3m [38;2;8;8;8m [38;2;15;15;15m [38;2;16;16;16m [38;2;15;15;15m [38;2;11;11;11m [38;2;2;2;2m [38;2;13;13;13m [38;2;10;10;10m [38;2;2;2;2m [38;2;4;4;4m [38;2;13;13;13m [38;2;13;13;13m [38;2;4;4;4m [38;2;12;12;12m [38;2;13;13;13m [38;2;13;13;13m [38;2;13;13;13m [38;2;6;6;6m [38;2;11;11;11m [38;2;13;13;13m [38;2;13;13;13m [38;2;12;12;12m [38;2;12;12;12m [38;2;5;5;5m [38;2;2;2;2m [38;2;179;179;179m [38;2;255;255;255m     [0m
[0m[38;2;36;36;36m [38;2;26;26;26m [38;2;35;35;35m [38;2;143;143;143m [38;2;230;230;230m [38;2;241;241;241m [38;2;198;198;198m [38;2;120;120;120m [38;2;26;26;26m [38;2;26;26;26m                         [38;2;186;186;186m [38;2;255;255;255m     [0m
[0m[38;2;255;255;255m                                        [0m
