[0m[38;2;0;0;0m                                                            [0m
[0m[38;2;210;210;210m       I use                                                [0m
[0m[38;2;0;0;0m                                                            [0m
[0m[38;2;0;0;0m           [38;2;19;22;24m [38;2;30;34;37m.[38;2;4;4;4m [38;2;0;0;0m                               [38;2;4;4;4m [38;2;93;112;124m:[38;2;97;158;185mo[38;2;90;161;192mo[38;2;103;155;179mo[38;2;53;61;66m.[38;2;0;0;0m         [0m
[0m[38;2;0;0;0m         [38;2;18;21;22m [38;2;117;154;172mo[38;2;103;190;227mx[38;2;89;184;223mx[38;2;130;187;214mk[38;2;29;34;37m.[38;2;0;0;0m                              [38;2;25;25;25m [38;2;148;205;233mO[38;2;47;165;211moo[38;2;47;165;211mo[38;2;164;214;240m0[38;2;1;1;1m [38;2;0;0;0m        [0m
[0m[38;2;0;0;0m       [38;2;1;1;1m [38;2;87;104;114m:[38;2;120;192;224mk[38;2;53;168;213mo[38;2;47;165;211moo[38;2;51;167;212mo[38;2;141;172;190mx[38;2;0;0;0m                               [38;2;163;203;226mO[38;2;47;165;211mooo[38;2;150;211;240m0[38;2;1;1;2m [38;2;0;0;0m        [0m
[0m[38;2;0;0;0m      [38;2;11;13;14m [38;2;127;163;182md[38;2;83;181;221md[38;2;47;165;211mooooo[38;2;131;203;235mO[38;2;17;20;22m [38;2;0;0;0m   [38;2;1;1;1m [38;2;59;68;74m'[38;2;71;92;104m;[38;2;73;90;99m,[38;2;25;29;31m [38;2;23;26;29m [38;2;65;75;82m'[38;2;76;99;111m;[38;2;78;111;126m:[38;2;75;109;125m:[38;2;80;105;119m:[38;2;51;59;64m.[38;2;0;0;0m    [38;2;27;32;35m [38;2;77;94;104m;[38;2;82;116;133m:[38;2;77;118;136m:[38;2;80;117;135m:[38;2;79;105;119m:[38;2;69;81;89m,[38;2;31;36;39m.[38;2;1;1;1m [38;2;0;0;0m  [38;2;167;217;243mK[38;2;47;165;211mooo[38;2;161;216;243m0[38;2;63;73;79m'[38;2;76;95;105m;[38;2;78;109;124m:[38;2;74;109;125m:[38;2;77;109;124m:[38;2;76;94;104m;[38;2;30;35;38m.[38;2;0;0;0m  [0m
[0m[38;2;0;0;0m     [38;2;40;47;51m.[38;2;133;190;217mk[38;2;56;169;214mo[38;2;47;165;211moo[38;2;101;189;226mx[38;2;78;179;220md[38;2;47;165;211moo[38;2;70;175;218md[38;2;117;136;148ml[38;2;0;0;0m   [38;2;59;69;75m'[38;2;99;188;226mx[38;2;47;165;211mo[38;2;52;167;213mo[38;2;116;195;229mk[38;2;97;186;224mx[38;2;63;172;216mo[38;2;47;165;211mo[38;2;47;165;211moo[38;2;48;165;211mo[38;2;106;191;228mk[38;2;62;71;78m'[38;2;0;0;0m [38;2;24;28;30m [38;2;121;161;181md[38;2;99;187;225mx[38;2;54;168;213mo[38;2;47;165;211moooo[38;2;59;170;214mo[38;2;92;185;224mx[38;2;122;176;202mx[38;2;30;35;38m.[38;2;14;14;14m [38;2;162;216;244mK[38;2;47;165;211mooo[38;2;114;195;230mk[38;2;82;181;221md[38;2;50;166;212mo[38;2;47;165;211mooo[38;2;52;167;212mo[38;2;103;189;226mx[38;2;115;136;150mo[38;2;0;0;0m [0m
[0m[38;2;0;0;0m   [38;2;1;1;1m [38;2;89;106;116m:[38;2;117;194;228mk[38;2;49;166;211mo[38;2;47;165;211mo[38;2;49;166;212mo[38;2;108;173;202md[38;2;116;135;148ml[38;2;146;209;239m0[38;2;47;165;211mooo[38;2;151;210;239m0[38;2;9;11;12m [38;2;0;0;0m  [38;2;78;91;99m,[38;2;67;174;217md[38;2;47;165;211mooo[38;2;49;166;212mo[38;2;85;181;221mx[38;2;14;24;29m [38;2;103;190;227mk[38;2;47;165;211moo[38;2;47;165;211mo[38;2;102;121;133mc[38;2;66;77;84m,[38;2;121;192;224mk[38;2;50;166;212mo[38;2;47;165;211mo[38;2;50;167;212mo[38;2;65;115;137m:[38;2;129;129;129m [38;2;127;127;127m [38;2;3;5;6m [38;2;86;179;217mx[38;2;74;177;219md[38;2;68;109;128m:[38;2;87;87;87m [38;2;25;25;25m [38;2;159;215;243m0[38;2;47;165;211mooooo[38;2;75;178;219md[38;2;21;36;43m.[38;2;61;99;116m;[38;2;57;169;214mo[38;2;47;165;211moo[38;2;138;205;237mO[38;2;11;13;14m [0m
[0m[38;2;0;0;0m  [38;2;58;68;74m.[38;2;110;151;171mo[38;2;92;185;224mx[38;2;47;165;211mooo[38;2;71;176;218md[38;2;104;190;227mk[38;2;99;188;226mx[38;2;89;184;223mx[38;2;47;165;211mooo[38;2;76;178;219md[38;2;89;103;113m:[38;2;0;0;0m  [38;2;78;91;99m,[38;2;65;173;216md[38;2;47;165;211moo[38;2;76;178;219md[38;2;26;34;38m.[38;2;54;54;54m [38;2;11;11;11m [38;2;22;28;31m [38;2;86;183;222mx[38;2;76;178;219md[38;2;78;133;156mc[38;2;75;87;95m,[38;2;131;202;234mO[38;2;47;165;211moo[38;2;56;169;214mo[38;2;68;92;104m;[38;2;48;48;48m [38;2;0;0;0m  [38;2;2;2;2m [38;2;41;41;41m [38;2;50;50;50m [38;2;21;21;21m [38;2;0;0;0m [38;2;25;25;25m [38;2;158;214;242m0[38;2;47;165;211mooo[38;2;53;168;213mo[38;2;66;98;113m;[38;2;85;85;85m [38;2;7;7;7m [38;2;72;83;91m,[38;2;76;178;219md[38;2;47;165;211moo[38;2;112;194;229mk[38;2;24;27;30m [0m
[0m[38;2;0;0;0m [38;2;8;9;10m [38;2;155;212;240m0[38;2;47;165;211mooo[38;2;53;168;213mo[38;2;65;173;216md[38;2;72;176;218md[38;2;77;178;219md[38;2;82;180;221md[38;2;87;183;222mx[38;2;81;180;221md[38;2;47;165;211mooo[38;2;149;204;232mO[38;2;5;6;6m [38;2;0;0;0m [38;2;78;91;99m,[38;2;65;173;216md[38;2;47;165;211moo[38;2;126;200;233mO[38;2;10;11;12m [38;2;0;0;0m  [38;2;4;4;4m [38;2;41;41;41m [38;2;48;48;48m [38;2;24;24;24m [38;2;89;104;113m:[38;2;56;169;214mo[38;2;47;165;211moo[38;2;129;202;234mO[38;2;3;3;4m [38;2;0;0;0m        [38;2;25;25;25m [38;2;160;215;243m0[38;2;47;165;211mooo[38;2;146;209;239m0[38;2;49;49;49m [38;2;0;0;0m  [38;2;66;76;83m'[38;2;72;176;218md[38;2;47;165;211moo[38;2;92;185;224mx[38;2;49;57;62m.[0m
[0m[38;2;7;8;9m [38;2;146;188;210mk[38;2;61;171;215mo[38;2;47;165;211moo[38;2;69;175;217md[38;2;34;43;48m.[38;2;64;64;64m [38;2;54;54;54m [38;2;48;48;48m [38;2;37;37;37m [38;2;31;31;31m [38;2;31;37;40m.[38;2;75;177;219md[38;2;47;165;211moo[38;2;74;177;219md[38;2;138;167;184mx[38;2;5;5;5m [38;2;78;91;99m,[38;2;65;173;216md[38;2;47;165;211moo[38;2;125;200;233mO[38;2;10;11;12m [38;2;0;0;0m      [38;2;30;35;38m.[38;2;76;178;219md[38;2;47;165;211moo[38;2;92;185;224mx[38;2;112;144;161mo[38;2;58;67;73m'[38;2;43;49;54m.[38;2;51;59;64m.[38;2;81;101;111m;[38;2;90;134;155ml[38;2;86;144;170ml[38;2;97;137;156ml[38;2;33;38;42m.[38;2;2;2;2m [38;2;155;213;242m0[38;2;47;165;211mooo[38;2;154;203;228m0[38;2;11;11;11m [38;2;0;0;0m  [38;2;24;28;31m [38;2;96;187;225mx[38;2;47;165;211moo[38;2;58;170;214mo[38;2;104;121;132mc[0m
[0m[38;2;74;86;94m,[38;2;68;175;217md[38;2;47;165;211moo[38;2;72;176;218md[38;2;30;38;42m.[38;2;17;17;17m [38;2;0;0;0m     [38;2;15;15;15m [38;2;47;59;65m.[38;2;65;173;216md[38;2;47;165;211moo[38;2;113;194;230mk[38;2;25;29;32m [38;2;77;90;98m,[38;2;65;173;216md[38;2;47;165;211moo[38;2;125;200;233mO[38;2;10;11;12m [38;2;0;0;0m      [38;2;17;17;17m [38;2;153;153;153m [38;2;87;175;212md[38;2;47;165;211mo[38;2;47;165;211mo[38;2;48;166;211mo[38;2;69;175;217md[38;2;80;180;220md[38;2;73;177;218md[38;2;51;167;212mo[38;2;47;165;211moo[38;2;72;176;218md[38;2;40;47;51m.[38;2;12;13;15m [38;2;130;202;235mO[38;2;47;165;211moo[38;2;50;166;212mo[38;2;105;127;140ml[38;2;0;0;0m   [38;2;33;33;33m [38;2;123;180;207mx[38;2;47;165;211mooo[38;2;152;205;231m0[0m
[0m[38;2;48;48;48m [38;2;129;129;129m [38;2;137;137;137m [38;2;137;137;137m [38;2;113;113;113m [38;2;9;9;9m [38;2;0;0;0m       [38;2;16;16;16m [38;2;121;121;121m [38;2;145;145;145m [38;2;144;144;144m [38;2;130;130;130m [38;2;24;24;24m [38;2;81;81;81m [38;2;28;44;51m.[38;2;90;184;223mx[38;2;67;127;152m:[38;2;159;159;159m [38;2;20;20;20m [38;2;0;0;0m        [38;2;58;58;58m [38;2;118;118;118m [38;2;145;145;145m [38;2;9;16;19m [38;2;88;174;210md[38;2;89;183;223mx[38;2;90;179;216md[38;2;9;17;20m [38;2;142;142;142m [38;2;117;117;117m [38;2;81;81;81m [38;2;9;9;9m [38;2;15;15;15m [38;2;122;122;122m [38;2;143;143;143m [38;2;144;144;144m [38;2;139;139;139m [38;2;55;55;55m [38;2;0;0;0m    [38;2;115;115;115m [38;2;39;67;80m.[38;2;90;184;223mx[38;2;55;102;121m;[38;2;148;148;148m [0m
[0m[38;2;0;0;0m                    [38;2;7;7;7m [38;2;24;24;24m [38;2;17;17;17m [38;2;0;0;0m             [38;2;4;4;4m [38;2;21;21;21m [38;2;24;24;24m [38;2;21;21;21m [38;2;4;4;4m [38;2;0;0;0m               [38;2;10;10;10m [38;2;24;24;24m [38;2;13;13;13m [38;2;0;0;0m [0m
[0m[38;2;210;210;210m                                                   btw.     [0m
[0m[38;2;0;0;0m                                                            [0m

