[0m[38;2;0;0;0m                                            [0m
[0m[38;2;0;0;0m                                            [0m
[0m[38;2;0;0;0m                                            [0m
[0m[38;2;0;0;0m                       [38;2;0;0;0m [38;2;12;9;9m [38;2;31;22;23m [38;2;81;65;50m'[38;2;132;110;73mc[38;2;118;98;66m:[38;2;94;77;54m,[38;2;64;50;40m.[38;2;35;25;25m [38;2;24;17;17m [38;2;12;9;9m [38;2;1;1;1m [38;2;0;0;0m         [0m
[0m[38;2;0;0;0m                    [38;2;0;0;0m [38;2;12;8;9m [38;2;32;23;24m [38;2;80;63;50m'[38;2;152;128;83ml[38;2;214;187;108mO[38;2;255;225;125mX[38;2;252;219;122mX[38;2;171;147;91md[38;2;181;155;94md[38;2;228;199;114m0[38;2;241;212;119mK[38;2;206;179;105mk[38;2;166;142;88mo[38;2;116;95;66m;[38;2;52;39;35m.[38;2;23;16;17m [38;2;2;1;1m [38;2;0;0;0m      [0m
[0m[38;2;0;0;0m                   [38;2;42;36;22m.[38;2;85;68;52m'[38;2;151;127;82ml[38;2;213;186;108mO[38;2;254;224;125mX[38;2;255;225;125mX[38;2;239;210;119mK[38;2;129;104;71m:[38;2;233;178;98mO[38;2;227;173;96mO[38;2;182;138;82mo[38;2;67;49;47m.[38;2;230;201;115m0[38;2;255;225;125mXXX[38;2;245;216;121mK[38;2;183;158;95mx[38;2;104;84;62m;[38;2;37;26;27m.[38;2;4;3;3m [38;2;0;0;0m    [0m
[0m[38;2;0;0;0m              [38;2;0;0;0m [38;2;8;6;6m [38;2;47;42;23m.[38;2;109;92;59m;[38;2;173;150;89md[38;2;255;225;125mX[38;2;255;225;125mXXX[38;2;253;223;124mX[38;2;255;225;125mX[38;2;255;225;125mX[38;2;200;173;102mk[38;2;151;128;82ml[38;2;150;124;80ml[38;2;151;127;82ml[38;2;197;170;101mk[38;2;255;225;125mX[38;2;255;225;125mXXXXX[38;2;255;225;125mX[38;2;201;175;103mk[38;2;89;70;56m'[38;2;29;20;21m [38;2;0;0;0m [38;2;0;0;0m  [0m
[0m[38;2;0;0;0m             [38;2;0;0;0m [38;2;45;32;33m.[38;2;127;105;72m:[38;2;248;218;122mX[38;2;255;225;125mXXX[38;2;241;212;119mK[38;2;128;105;72m:[38;2;136;104;70m:[38;2;145;110;72mc[38;2;132;102;69m:[38;2;134;112;75mc[38;2;248;219;122mX[38;2;255;225;125mXXX[38;2;246;217;121mX[38;2;159;135;86mo[38;2;136;109;73mc[38;2;146;114;74mc[38;2;144;113;74mc[38;2;135;111;75mc[38;2;201;174;103mk[38;2;255;225;125mXX[38;2;245;215;121mK[38;2;118;97;69m:[38;2;40;28;30m.[38;2;0;0;0m [38;2;0;0;0m [0m
[0m[38;2;0;0;0m             [38;2;6;4;4m [38;2;61;43;45m.[38;2;202;175;103mk[38;2;255;225;125mXXXX[38;2;236;207;117mK[38;2;110;88;65m;[38;2;141;106;70mc[38;2;160;120;75ml[38;2;135;102;68m:[38;2;115;94;67m;[38;2;245;216;121mK[38;2;255;225;125mXXX[38;2;193;167;100mx[38;2;82;60;52m'[38;2;223;170;95mk[38;2;252;193;104m0[38;2;246;188;102m0[38;2;169;127;78mo[38;2;84;64;54m'[38;2;255;225;125mXXX[38;2;249;219;123mX[38;2;99;79;61m,[38;2;22;16;16m [38;2;0;0;0m [0m
[0m[38;2;0;0;0m     [38;2;0;0;0m [38;2;13;9;9m [38;2;31;22;23m [38;2;78;62;48m'[38;2;116;96;65m:[38;2;97;80;57m,[38;2;83;67;49m'[38;2;97;79;56m,[38;2;138;116;76mc[38;2;197;170;101mk[38;2;254;225;125mX[38;2;255;225;125mX[38;2;207;180;105mO[38;2;207;180;105mk[38;2;255;225;125mXXX[38;2;245;216;121mK[38;2;234;205;116mK[38;2;247;218;122mX[38;2;255;225;125mXXXXX[38;2;255;225;125mX[38;2;209;182;106mO[38;2;162;138;87mo[38;2;150;126;81ml[38;2;151;127;82ml[38;2;177;152;93md[38;2;238;209;118mK[38;2;255;225;125mXXXX[38;2;200;174;102mk[38;2;59;41;43m.[38;2;3;3;3m [0m
[0m[38;2;0;0;0m  [38;2;0;0;0m [38;2;11;8;8m [38;2;32;22;23m [38;2;80;63;50m'[38;2;152;128;82ml[38;2;214;187;108mO[38;2;254;224;125mX[38;2;255;225;125mXXXXXXXXXXXX[38;2;254;224;124mX[38;2;249;219;122mX[38;2;243;214;120mK[38;2;238;209;118mK[38;2;232;204;116m0[38;2;227;198;113m0[38;2;221;193;111m0[38;2;216;188;109mO[38;2;211;183;107mO[38;2;205;178;104mk[38;2;199;173;102mk[38;2;194;168;100mx[38;2;188;163;98mx[38;2;183;158;95mx[38;2;178;153;93md[38;2;172;147;91md[38;2;167;142;89mo[38;2;161;137;86mo[38;2;156;132;84mo[38;2;150;127;82ml[38;2;142;119;78mc[38;2;61;43;45m.[38;2;5;4;4m [0m
[0m[38;2;1;1;1m [38;2;31;22;23m [38;2;51;36;38m.[38;2;67;49;48m.[38;2;116;95;68m;[38;2;154;130;83ml[38;2;150;126;82ml[38;2;145;122;80ml[38;2;145;121;79ml[38;2;145;120;78ml[38;2;147;120;78ml[38;2;229;191;108m0[38;2;255;212;117mK[38;2;250;207;114mK[38;2;153;123;79ml[38;2;222;181;103mO[38;2;255;209;114mK[38;2;230;186;104mO[38;2;147;114;74mc[38;2;146;113;73mc[38;2;146;112;73mc[38;2;146;111;72mc[38;2;146;110;71mc[38;2;150;113;73mc[38;2;156;117;74ml[38;2;161;121;76ml[38;2;167;126;78ml[38;2;172;130;79mo[38;2;178;134;81mo[38;2;183;139;83md[38;2;188;143;84md[38;2;194;147;86md[38;2;200;152;88mx[38;2;205;156;90mx[38;2;210;160;91mx[38;2;216;164;93mk[38;2;221;169;95mk[38;2;227;173;96mO[38;2;232;177;98mO[38;2;238;182;100mO[38;2;243;186;101m0[38;2;249;190;103m0[38;2;68;48;47m.[38;2;6;5;5m [0m
[0m[38;2;4;3;3m [38;2;61;43;45m.[38;2;211;161;91mx[38;2;225;171;96mk[38;2;230;176;97mO[38;2;236;180;99mO[38;2;242;185;101m0[38;2;248;189;103m0[38;2;253;194;104m0[38;2;255;195;105m000000000000000[38;2;247;189;103m0[38;2;206;157;90mx[38;2;255;195;105m0000000[38;2;253;194;104m0[38;2;158;119;75ml[38;2;130;92;64m:[38;2;149;103;69mc[38;2;126;90;64m;[38;2;172;130;79mo[38;2;255;195;105m000[38;2;68;49;47m.[38;2;6;4;4m [0m
[0m[38;2;4;3;3m [38;2;61;43;45m.[38;2;245;187;102m0[38;2;255;195;105m000[38;2;182;138;82mo[38;2;123;89;63m;[38;2;163;114;73ml[38;2;251;184;101m0[38;2;250;191;103m0[38;2;255;195;105m0000[38;2;234;178;98mO[38;2;155;116;74ml[38;2;141;103;69mc[38;2;143;104;69mc[38;2;149;112;72mc[38;2;227;173;96mO[38;2;255;195;105m000[38;2;249;190;103m0[38;2;210;160;91mx[38;2;255;195;105m0000000[38;2;240;183;100mO[38;2;71;51;48m.[38;2;184;124;77mo[38;2;236;158;90mk[38;2;171;115;73ml[38;2;82;60;52m'[38;2;255;195;105m0[38;2;255;195;105m00[38;2;68;49;47m.[38;2;6;4;4m [0m
[0m[38;2;4;3;3m [38;2;61;43;45m.[38;2;245;187;102m0[38;2;255;195;105m000[38;2;114;85;61m;[38;2;134;91;64m:[38;2;197;132;80md[38;2;107;73;57m,[38;2;170;128;79mo[38;2;255;195;105m0000[38;2;104;77;58m,[38;2;157;106;70mc[38;2;254;170;95mO[38;2;255;170;95mO[38;2;179;120;75ml[38;2;85;62;52m'[38;2;255;195;105m0000000000000[38;2;233;177;98mO[38;2;173;131;80mo[38;2;156;117;74ml[38;2;176;133;81mo[38;2;237;181;100mO[38;2;255;195;105m000[38;2;68;49;47m.[38;2;5;4;4m [0m
[0m[38;2;4;3;3m [38;2;61;43;45m.[38;2;245;187;102m0[38;2;255;195;105m000[38;2;253;194;104m0[38;2;215;164;93mk[38;2;199;151;88mx[38;2;226;172;96mO[38;2;255;195;105m00000[38;2;192;146;86md[38;2;117;85;61m;[38;2;147;100;67mc[38;2;149;101;68mc[38;2;119;85;61m;[38;2;179;136;82mo[38;2;255;195;105m000000[38;2;255;195;105m0[38;2;255;195;105m0[38;2;255;195;105m000[38;2;211;160;91mx[38;2;200;152;88mx[38;2;255;195;105m0000000[38;2;253;193;104m0[38;2;66;47;47m.[38;2;3;2;2m [0m
[0m[38;2;4;3;3m [38;2;61;43;45m.[38;2;245;187;102m0[38;2;255;195;105m000000[38;2;168;127;78mo[38;2;234;179;99mO[38;2;255;195;105m000000[38;2;249;190;103m0[38;2;247;189;103m0[38;2;255;195;105m00000[38;2;255;195;105m0[38;2;182;138;82mo[38;2;29;21;16m [38;2;40;40;40m [38;2;41;41;41m [38;2;40;29;22m.[38;2;175;132;80mo[38;2;230;176;97mO[38;2;250;191;103m0[38;2;246;188;102m0[38;2;217;165;93mk[38;2;157;120;64mc[38;2;151;115;66mc[38;2;175;132;80mo[38;2;166;125;77ml[38;2;156;117;74ml[38;2;128;96;63m:[38;2;3;2;2m [38;2;29;29;29m [38;2;2;2;2m [0m
[0m[38;2;2;1;1m [38;2;61;43;45m.[38;2;239;183;100mO[38;2;255;195;105m0000000[38;2;254;194;105m0[38;2;247;189;102m0[38;2;237;181;99mO[38;2;227;173;96mO[38;2;217;166;93mk[38;2;208;158;90mx[38;2;198;150;87mx[38;2;189;143;84md[38;2;178;135;81mo[38;2;169;127;78mo[38;2;159;120;75ml[38;2;130;97;63m:[38;2;10;8;5m [38;2;99;99;99m [38;2;73;73;73m [38;2;28;28;28m [38;2;3;3;3m [38;2;0;0;0m  [38;2;3;3;3m [38;2;18;18;18m [38;2;24;24;24m [38;2;32;32;32m [38;2;26;26;26m [38;2;18;18;18m [38;2;10;10;10m [38;2;8;8;8m [38;2;10;10;10m [38;2;8;8;8m [38;2;5;5;5m [38;2;3;3;3m [38;2;0;0;0m [38;2;0;0;0m  [0m
[0m[38;2;1;1;1m [38;2;25;25;25m [38;2;62;62;62m [38;2;100;100;100m [38;2;95;95;95m [38;2;85;85;85m [38;2;75;75;75m [38;2;65;65;65m [38;2;55;55;55m [38;2;45;45;45m [38;2;36;36;36m [38;2;27;27;27m [38;2;24;24;24m [38;2;22;22;22m [38;2;19;19;19m [38;2;17;17;17m [38;2;15;15;15m [38;2;12;12;12m [38;2;10;10;10m [38;2;8;8;8m [38;2;5;5;5m [38;2;3;3;3m [38;2;0;0;0m [38;2;0;0;0m                     [0m
[0m[38;2;0;0;0m                                            [0m
[0m[38;2;0;0;0m                                            [0m
[0m[38;2;0;0;0m                                            [0m
