[0m[38;2;255;255;255m               [38;2;102;101;105m:[38;2;236;231;255mN[38;2;227;219;255mX[38;2;221;212;255mX[38;2;212;201;255mK[38;2;208;196;255mK[38;2;204;190;255m0[38;2;204;190;255m00[38;2;204;190;255m0[38;2;208;195;255mK[38;2;222;211;255mX[38;2;70;70;72m'[38;2;255;255;255m                [0m
[0m[38;2;255;255;255m            [38;2;210;206;222mK[38;2;223;215;255mX[38;2;212;201;255mK[38;2;205;192;255mK[38;2;204;190;255m00000000000[38;2;210;197;255mK[38;2;146;143;155md[38;2;255;255;255m               [0m
[0m[38;2;255;255;255m           [38;2;174;167;201mk[38;2;204;190;255m0[38;2;204;190;255m000000000000000[38;2;205;192;255mK[38;2;218;212;241mX[38;2;255;255;255m [38;2;255;255;255m             [0m
[0m[38;2;255;255;255m           [38;2;189;176;236mO[38;2;204;190;255m000000000000000[38;2;141;132;177mo[38;2;26;25;33m [38;2;208;208;208m [38;2;75;72;86m'[38;2;227;219;255mX[38;2;227;219;255mX[38;2;231;224;255mN[38;2;232;226;255mN[38;2;238;233;255mN[38;2;194;192;202m0[38;2;255;255;255m       [0m
[0m[38;2;255;255;255m         [38;2;137;135;140mo[38;2;241;237;255mW[38;2;204;190;255m0[38;2;181;169;226mk[38;2;125;117;157mc[38;2;140;131;176mo[38;2;198;185;248m0[38;2;204;190;255m0[38;2;208;195;255mK[38;2;205;191;255m0[38;2;209;197;255mK[38;2;210;198;255mK[38;2;210;198;255mK[38;2;214;203;255mK[38;2;213;202;255mK[38;2;214;203;255mK[38;2;218;205;255mX[38;2;218;208;255mX[38;2;219;210;255mX[38;2;221;211;255mX[38;2;223;214;255mX[38;2;212;200;255mK[38;2;204;190;255m00000[38;2;204;190;255m0[38;2;25;24;28m [38;2;255;255;255m      [0m
[0m[38;2;255;255;255m     [38;2;255;255;255m [38;2;230;224;253mN[38;2;220;210;255mX[38;2;211;199;255mK[38;2;204;190;255m0[38;2;204;190;255m00[38;2;204;190;255m0[38;2;204;190;255m0[38;2;204;190;255m0[38;2;204;190;255m0000000[38;2;166;154;207mx[38;2;75;70;94m'[38;2;12;11;15m [38;2;208;208;208m  [38;2;209;209;209m [38;2;213;213;213m [38;2;213;213;213m [38;2;214;214;214m [38;2;218;218;218m [38;2;219;219;219m [38;2;221;221;221m [38;2;225;225;225m [38;2;230;230;230m [38;2;94;91;104m;[38;2;187;185;199mO[38;2;255;255;255m      [0m
[0m[38;2;255;255;255m    [38;2;177;174;186mk[38;2;98;96;105m;[38;2;234;234;234m [38;2;225;225;225m [38;2;223;223;223m [38;2;218;218;218m [38;2;218;218;218m [38;2;218;218;218m [38;2;81;77;98m,[38;2;204;190;255m0[38;2;106;99;131m:[38;2;9;8;10m [38;2;183;173;218mk[38;2;211;200;255mK[38;2;213;202;255mK[38;2;214;203;255mK[38;2;215;205;255mK[38;2;214;203;255mK[38;2;214;203;255mK[38;2;214;203;255mK[38;2;217;206;255mX[38;2;219;210;255mX[38;2;219;209;255mX[38;2;214;204;249mX[38;2;224;216;255mX[38;2;230;222;255mN[38;2;235;229;255mN[38;2;235;229;255mN[38;2;231;224;255mN[38;2;224;216;255mX[38;2;224;216;255mX[38;2;131;126;149ml[38;2;152;148;169md[38;2;231;231;231m [38;2;31;30;36m.[38;2;228;223;245mX[38;2;4;4;4m [38;2;255;255;255m   [0m
[0m[38;2;255;255;255m  [38;2;50;50;51m.[38;2;184;177;212mO[38;2;219;219;219m [38;2;248;248;248m [38;2;255;255;255m     [38;2;48;48;49m.[38;2;142;132;171mo[38;2;201;188;240m0[38;2;211;199;255mK[38;2;181;170;221mO[38;2;103;96;128m:[38;2;183;173;218mk[38;2;217;206;255mX[38;2;221;212;255mX[38;2;223;215;255mX[38;2;182;175;207mk[38;2;65;63;76m'[38;2;204;190;255m0000[38;2;136;126;165mo[38;2;168;161;194mx[38;2;204;190;255m0[38;2;37;35;44m.[38;2;167;161;192mx[38;2;163;152;204mx[38;2;204;190;255m00[38;2;191;180;233mO[38;2;62;60;70m.[38;2;255;255;255m [38;2;251;251;251m [38;2;226;226;226m [38;2;126;120;149ml[38;2;109;108;115m:[38;2;255;255;255m  [0m
[0m[38;2;255;255;255m [38;2;105;105;109m:[38;2;115;109;138mc[38;2;234;234;234m [38;2;255;255;255m       [38;2;131;125;145ml[38;2;204;190;255m0[38;2;204;190;255m00[38;2;204;190;255m0[38;2;204;190;255m0[38;2;204;190;255m0[38;2;204;190;255m000[38;2;204;190;255m0[38;2;193;186;213m0[38;2;216;216;216m [38;2;11;11;14m [38;2;104;97;130m:[38;2;97;90;121m;[38;2;11;10;13m [38;2;212;212;212m [38;2;116;111;135mc[38;2;219;209;255mX[38;2;30;28;37m.[38;2;228;228;228m [38;2;228;228;228m [38;2;222;222;222m [38;2;215;215;215m [38;2;54;52;62m.[38;2;237;232;255mN[38;2;158;156;163md[38;2;255;255;255m [38;2;242;242;242m [38;2;63;60;75m.[38;2;161;158;172mx[38;2;255;255;255m [0m
[0m[38;2;51;50;52m.[38;2;154;145;187md[38;2;240;240;240m [38;2;255;255;255m        [38;2;159;151;187mx[38;2;204;190;255m0000000000[38;2;204;190;255m0[38;2;212;201;255mK[38;2;219;209;255mX[38;2;221;212;255mX[38;2;221;212;255mX[38;2;221;212;255mX[38;2;215;204;255mK[38;2;205;192;255mK[38;2;204;190;255m0[38;2;213;201;255mK[38;2;215;204;255mK[38;2;212;201;251mK[38;2;118;112;139mc[38;2;34;33;40m.[38;2;18;18;22m [38;2;68;65;84m'[38;2;144;134;180mo[38;2;217;202;255mK[38;2;162;159;173mx[38;2;249;249;249m [38;2;101;95;123m:[38;2;108;106;113m:[0m
[0m[38;2;167;161;191mx[38;2;36;35;41m.[38;2;255;255;255m         [38;2;185;173;228mO[38;2;204;190;255m000000000000000000[38;2;87;82;108m;[38;2;224;224;224m [38;2;236;236;236m [38;2;246;246;246m [38;2;250;250;250m [38;2;249;249;249m [38;2;250;250;250m [38;2;250;250;250m [38;2;250;250;250m [38;2;244;244;244m [38;2;241;241;241m [38;2;255;255;255m [38;2;237;237;237m [38;2;192;181;231mO[0m
[0m[38;2;183;171;229mk[38;2;248;248;248m [38;2;255;255;255m        [38;2;23;22;23m [38;2;204;190;255m000000000000000[38;2;152;141;190md[38;2;144;134;179mo[38;2;218;218;218m [38;2;231;231;231m [38;2;246;246;246m [38;2;255;255;255m            [38;2;140;132;170mo[0m
[0m[38;2;184;171;230mk[38;2;255;255;255m      [38;2;12;12;12m [38;2;209;207;217mK[38;2;238;233;255mN[38;2;224;215;255mX[38;2;204;190;255m000000[38;2;205;189;255m0[38;2;55;53;64m.[38;2;225;225;225m [38;2;225;225;225m [38;2;65;63;75m'[38;2;205;192;255mK[38;2;204;190;255m0[38;2;213;202;255mK[38;2;93;92;100m;[38;2;26;26;29m [38;2;204;190;255m0[38;2;214;203;255mK[38;2;225;218;255mX[38;2;235;230;255mN[38;2;236;234;248mN[38;2;43;43;43m.[38;2;255;255;255m          [38;2;153;146;181md[0m
[0m[38;2;126;118;154ml[38;2;73;72;77m'[38;2;23;23;23m [38;2;237;229;255mN[38;2;226;218;255mX[38;2;219;210;255mX[38;2;214;203;255mK[38;2;208;193;255mK[38;2;204;190;255m0[38;2;204;190;255m000000000[38;2;212;200;255mK[38;2;110;109;113m:[38;2;252;252;252m [38;2;230;230;230m [38;2;64;60;79m'[38;2;204;190;255m0[38;2;193;180;241mO[38;2;228;228;228m [38;2;11;10;11m [38;2;204;190;255m00000[38;2;207;193;255mK[38;2;213;201;255mK[38;2;221;211;255mX[38;2;227;219;255mX[38;2;235;229;255mN[38;2;128;127;132ml[38;2;255;255;255m    [38;2;13;13;13m [38;2;177;165;218mk[0m
[0m[38;2;13;12;14m [38;2;195;186;228m0[38;2;167;161;193mx[38;2;204;190;255m0000000000000000[38;2;207;195;255mK[38;2;117;115;123mc[38;2;255;255;255m [38;2;92;90;100m;[38;2;204;190;255m00[38;2;112;111;120mc[38;2;245;245;245m [38;2;202;189;253m0[38;2;204;190;255m000000000[38;2;206;192;255mK[38;2;99;98;103m:[38;2;255;255;255m   [38;2;146;142;162md[38;2;64;61;75m'[0m
[0m[38;2;254;254;254m [38;2;20;19;24m [38;2;204;190;255m0[38;2;204;190;255m00000000000000000[38;2;206;193;255mK[38;2;123;121;129ml[38;2;155;149;180md[38;2;204;190;255m00[38;2;210;198;255mK[38;2;42;42;43m.[38;2;197;183;246mO[38;2;204;190;255m0000000000[38;2;210;198;255mK[38;2;52;52;53m.[38;2;255;255;255m [38;2;153;151;163md[38;2;71;67;86m'[38;2;248;248;248m [0m
[0m[38;2;255;255;255m [38;2;251;251;251m [38;2;221;221;221m [38;2;196;182;245mO[38;2;204;190;255m00000000000000000[38;2;209;196;255mK[38;2;207;194;255mK[38;2;204;190;255m000[38;2;176;167;201mk[38;2;192;179;241mO[38;2;204;190;255m00000000000[38;2;201;188;233m0[38;2;207;202;228mK[38;2;35;33;41m.[38;2;247;247;247m [38;2;255;255;255m [0m
[0m[38;2;255;255;255m   [38;2;235;235;235m [38;2;36;34;44m.[38;2;204;190;255m000000000000000000000[38;2;204;190;255m0[38;2;204;190;255m0[38;2;204;190;255m00000000000[38;2;91;85;112m;[38;2;228;228;228m [38;2;252;252;252m [38;2;255;255;255m  [0m
[0m[38;2;255;255;255m    [38;2;254;254;254m [38;2;233;233;233m [38;2;18;17;22m [38;2;204;190;254m0[38;2;204;190;255m00000000000000000000000000000[38;2;66;62;81m'[38;2;227;227;227m [38;2;248;248;248m [38;2;255;255;255m    [0m
[0m[38;2;255;255;255m      [38;2;254;254;254m [38;2;236;236;236m [38;2;222;222;222m [38;2;14;13;18m [38;2;199;186;249m0[38;2;204;190;255m00000000000000000000000[38;2;60;56;74m.[38;2;218;218;218m [38;2;233;233;233m [38;2;251;251;251m [38;2;255;255;255m      [0m
[0m[38;2;255;255;255m         [38;2;254;254;254m [38;2;243;243;243m [38;2;231;231;231m [38;2;219;219;219m [38;2;211;211;211m [38;2;59;55;73m.[38;2;202;189;253m0[38;2;204;190;255m0000000000000[38;2;135;126;169ml[38;2;209;209;209m [38;2;216;216;216m [38;2;228;228;228m [38;2;240;240;240m [38;2;252;252;252m [38;2;255;255;255m         [0m
[0m[38;2;255;255;255m              [38;2;247;247;247m [38;2;234;234;234m [38;2;223;223;223m [38;2;215;215;215m [38;2;5;4;6m [38;2;80;75;100m,[38;2;160;149;200md[38;2;197;184;247mO[38;2;203;189;254m0[38;2;193;180;241mO[38;2;148;138;186mo[38;2;27;25;33m [38;2;212;212;212m [38;2;223;223;223m [38;2;231;231;231m [38;2;241;241;241m [38;2;255;255;255m              [0m
