[0m[38;2;2;2;2m [38;2;1;1;1m                                          [38;2;1;1;1m [0m
[0m[38;2;2;2;2m [38;2;0;0;0m                    [38;2;0;0;0m [38;2;0;0;0m [38;2;0;0;0m                    [38;2;1;1;1m [0m
[0m[38;2;2;2;2m [38;2;0;0;0m                   [38;2;0;0;0m [38;2;59;51;29m.[38;2;64;55;31m.[38;2;0;0;0m [38;2;0;0;0m                   [38;2;1;1;1m [0m
[0m[38;2;2;2;2m [38;2;0;0;0m                   [38;2;25;22;13m [38;2;188;161;89mx[38;2;194;163;89mx[38;2;31;26;16m [38;2;0;0;0m [38;2;0;0;0m                  [38;2;1;1;1m [0m
[0m[38;2;2;2;2m [38;2;0;0;0m                  [38;2;1;1;1m [38;2;156;135;77mo[38;2;221;189;103mO[38;2;221;185;99mO[38;2;165;138;75mo[38;2;4;3;2m [38;2;0;0;0m                  [38;2;1;1;1m [0m
[0m[38;2;2;2;2m [38;2;0;0;0m                  [38;2;40;35;22m.[38;2;212;183;102mO[38;2;215;183;100mO[38;2;220;185;99mO[38;2;208;173;91mk[38;2;49;40;24m.[38;2;0;0;0m [38;2;0;0;0m                 [38;2;1;1;1m [0m
[0m[38;2;2;2;2m [38;2;0;0;0m   [38;2;4;4;4m [38;2;3;3;3m [38;2;0;0;0m [38;2;0;0;0m          [38;2;0;0;0m [38;2;1;0;0m [38;2;129;112;65mc[38;2;225;192;105m0[38;2;206;174;95mk[38;2;218;183;98mO[38;2;215;178;92mk[38;2;135;112;60mc[38;2;2;2;2m [38;2;0;0;0m          [38;2;0;0;0m [38;2;0;0;0m [38;2;12;8;5m [38;2;0;0;0m [38;2;0;0;0m   [38;2;1;1;1m [0m
[0m[38;2;2;2;2m [38;2;0;0;0m   [38;2;4;4;4m [38;2;142;135;99ml[38;2;148;140;98mo[38;2;85;80;55m,[38;2;18;17;12m [38;2;0;0;0m [38;2;0;0;0m [38;2;0;0;0m [38;2;0;0;0m     [38;2;0;0;0m [38;2;7;7;5m [38;2;188;162;91mx[38;2;223;189;102mO[38;2;194;163;90mx[38;2;214;178;96mO[38;2;214;175;90mk[38;2;187;152;79md[38;2;13;11;7m [38;2;0;0;0m      [38;2;0;0;0m [38;2;0;0;0m [38;2;5;3;2m [38;2;36;27;13m [38;2;81;59;26m.[38;2;132;94;39m:[38;2;70;50;23m.[38;2;0;0;0m [38;2;0;0;0m   [38;2;1;1;1m [0m
[0m[38;2;2;2;2m [38;2;0;0;0m    [38;2;27;25;19m [38;2;217;203;135m0[38;2;244;229;147mX[38;2;236;221;140mX[38;2;156;145;91mo[38;2;64;59;38m.[38;2;7;6;5m [38;2;0;0;0m [38;2;0;0;0m    [38;2;0;0;0m [38;2;15;13;9m [38;2;198;168;92mx[38;2;220;184;98mO[38;2;184;153;84md[38;2;209;172;91mk[38;2;212;172;87mk[38;2;195;157;80mx[38;2;22;18;10m [38;2;0;0;0m     [38;2;0;0;0m [38;2;13;10;6m [38;2;76;56;26m.[38;2;144;104;46m:[38;2;178;128;56mo[38;2;177;126;52ml[38;2;128;91;39m;[38;2;3;2;1m [38;2;0;0;0m    [38;2;1;1;1m [0m
[0m[38;2;2;2;2m [38;2;0;0;0m    [38;2;0;0;0m [38;2;50;47;32m.[38;2;219;203;124m0[38;2;241;222;133mX[38;2;232;213;128mK[38;2;236;216;127mK[38;2;201;182;107mk[38;2;98;88;52m;[38;2;16;15;9m [38;2;0;0;0m [38;2;0;0;0m  [38;2;0;0;0m [38;2;22;19;12m [38;2;202;170;92mk[38;2;216;179;94mO[38;2;176;144;77md[38;2;199;162;84mx[38;2;209;168;84mk[38;2;199;158;79mx[38;2;30;24;14m [38;2;0;0;0m   [38;2;0;0;0m [38;2;22;17;9m [38;2;99;75;36m,[38;2;174;128;58mo[38;2;180;131;58mo[38;2;174;126;56ml[38;2;178;127;53mo[38;2;131;93;40m;[38;2;14;10;5m [38;2;0;0;0m [38;2;0;0;0m    [38;2;1;1;1m [0m
[0m[38;2;2;2;2m [38;2;0;0;0m     [38;2;0;0;0m [38;2;36;33;21m.[38;2;201;182;108mk[38;2;237;213;123mK[38;2;221;199;116m0[38;2;214;192;111mO[38;2;230;204;115m0[38;2;195;170;96mk[38;2;86;74;43m'[38;2;9;8;5m [38;2;0;0;0m [38;2;0;0;0m [38;2;9;7;5m [38;2;177;146;79md[38;2;213;174;89mk[38;2;171;139;72mo[38;2;191;153;78md[38;2;207;164;80mx[38;2;179;141;71mo[38;2;14;11;7m [38;2;0;0;0m  [38;2;13;10;6m [38;2;92;70;34m'[38;2;176;133;60mo[38;2;185;138;61mo[38;2;170;124;57ml[38;2;175;127;56ml[38;2;180;128;54mo[38;2;129;92;40m;[38;2;12;9;5m [38;2;0;0;0m [38;2;0;0;0m     [38;2;1;1;1m [0m
[0m[38;2;2;2;2m [38;2;0;0;0m      [38;2;0;0;0m [38;2;15;13;8m [38;2;139;123;72ml[38;2;219;192;108mO[38;2;224;194;108m0[38;2;200;172;98mk[38;2;207;177;98mk[38;2;222;188;101mO[38;2;177;148;80md[38;2;41;34;20m.[38;2;0;0;0m [38;2;2;2;2m [38;2;149;122;65ml[38;2;210;169;84mk[38;2;166;132;67mo[38;2;182;143;71md[38;2;205;159;76mx[38;2;156;122;60ml[38;2;5;4;3m [38;2;0;0;0m [38;2;48;36;19m.[38;2;167;125;58ml[38;2;190;143;64md[38;2;170;127;58ml[38;2;167;122;56ml[38;2;183;132;56mo[38;2;167;120;51ml[38;2;83;60;27m.[38;2;2;2;1m [38;2;0;0;0m [38;2;0;0;0m      [38;2;1;1;1m [0m
[0m[38;2;2;2;2m [38;2;0;0;0m       [38;2;0;0;0m [38;2;1;1;0m [38;2;66;57;34m.[38;2;180;153;84md[38;2;220;184;98mO[38;2;204;170;91mk[38;2;183;152;83md[38;2;204;168;88mk[38;2;204;167;87mk[38;2;96;78;42m,[38;2;4;4;2m [38;2;98;79;42m,[38;2;206;162;79mx[38;2;163;127;63ml[38;2;174;135;66mo[38;2;202;155;74mx[38;2;100;77;40m,[38;2;8;6;4m [38;2;101;77;37m,[38;2;188;142;65md[38;2;176;132;60mo[38;2;157;117;55ml[38;2;177;128;57mo[38;2;182;131;56mo[38;2;132;95;42m:[38;2;37;27;13m [38;2;0;0;0m [38;2;0;0;0m        [38;2;1;1;1m [0m
[0m[38;2;2;2;2m [38;2;0;0;0m          [38;2;7;6;4m [38;2;73;61;34m.[38;2;170;140;73mo[38;2;211;171;87mk[38;2;180;146;76md[38;2;170;137;71mo[38;2;206;163;81mx[38;2;135;106;54m:[38;2;62;49;27m.[38;2;190;147;71md[38;2;157;121;59ml[38;2;165;127;62ml[38;2;179;137;66mo[38;2;57;44;23m.[38;2;132;100;48m:[38;2;188;141;64md[38;2;151;113;53mc[38;2;163;120;55ml[38;2;183;132;57mo[38;2;135;98;43m:[38;2;48;35;17m.[38;2;3;3;2m [38;2;0;0;0m    [38;2;0;0;0m [38;2;0;0;0m [38;2;0;0;0m [38;2;0;0;0m [38;2;0;0;0m  [38;2;1;1;1m [0m
[0m[38;2;2;2;2m [38;2;12;10;7m [38;2;58;48;26m.[38;2;70;58;31m.[38;2;89;73;39m'[38;2;89;73;39m'[38;2;87;71;38m'[38;2;82;67;35m'[38;2;76;62;33m.[38;2;65;52;28m.[38;2;45;37;20m.[38;2;32;26;14m [38;2;9;7;4m [38;2;11;9;6m [38;2;80;64;33m'[38;2;158;125;63ml[38;2;199;155;76mx[38;2;158;123;62ml[38;2;174;135;66mo[38;2;141;108;54mc[38;2;170;131;65mo[38;2;149;115;55mc[38;2;155;118;56mc[38;2;158;120;57ml[38;2;134;101;47m:[38;2;161;121;56ml[38;2;145;107;50mc[38;2;181;131;58mo[38;2;134;97;44m:[38;2;62;45;21m.[38;2;9;7;4m [38;2;14;10;5m [38;2;36;25;11m [38;2;47;33;14m.[38;2;62;43;17m.[38;2;71;49;19m.[38;2;75;51;19m.[38;2;79;52;19m.[38;2;79;52;18m.[38;2;78;50;17m.[38;2;65;41;13m.[38;2;48;30;10m.[38;2;8;5;3m [38;2;1;1;1m [0m
[0m[38;2;2;2;2m [38;2;0;0;0m [38;2;21;17;10m [38;2;87;71;38m'[38;2;143;116;60mc[38;2;184;149;77md[38;2;204;164;83mx[38;2;203;163;82mx[38;2;201;160;80mx[38;2;198;158;79mx[38;2;196;155;78mx[38;2;194;152;76md[38;2;186;146;73md[38;2;165;129;64ml[38;2;138;107;52m:[38;2;113;87;43m;[38;2;110;85;43m;[38;2;133;103;52m:[38;2;165;127;62ml[38;2;143;109;54mc[38;2;172;131;63mo[38;2;142;107;50mc[38;2;143;107;50mc[38;2;167;126;58ml[38;2;134;100;47m:[38;2;154;113;51mc[38;2;121;88;41m;[38;2;98;71;33m'[38;2;103;73;31m,[38;2;126;89;37m;[38;2;143;101;41m:[38;2;157;110;44mc[38;2;157;109;42mc[38;2;156;107;40mc[38;2;155;105;39mc[38;2;154;103;37mc[38;2;153;101;34m:[38;2;144;94;31m:[38;2;120;78;26m,[38;2;87;55;18m.[38;2;45;29;10m.[38;2;4;3;1m [38;2;0;0;0m [38;2;1;1;1m [0m
[0m[38;2;2;2;2m [38;2;0;0;0m  [38;2;0;0;0m [38;2;0;0;0m [38;2;2;2;1m [38;2;25;20;11m [38;2;67;53;27m.[38;2;101;79;39m,[38;2;125;97;48m:[38;2;154;119;58ml[38;2;172;133;64mo[38;2;177;136;67mo[38;2;173;133;66mo[38;2;180;138;67mo[38;2;176;135;65mo[38;2;175;133;64mo[38;2;169;128;62ml[38;2;162;122;59ml[38;2;158;120;57ml[38;2;113;86;44m;[38;2;72;55;30m.[38;2;71;54;29m.[38;2;106;79;41m,[38;2;150;110;50mc[38;2;152;109;49mc[38;2;153;109;48mc[38;2;156;111;46mc[38;2;152;107;44mc[38;2;154;108;44mc[38;2;141;98;39m:[38;2;139;96;37m:[38;2;129;88;33m;[38;2;112;76;28m,[38;2;87;58;21m.[38;2;65;43;16m.[38;2;38;25;9m [38;2;11;8;3m [38;2;0;0;0m [38;2;0;0;0m [38;2;0;0;0m [38;2;0;0;0m  [38;2;1;1;1m [0m
[0m[38;2;2;2;2m [38;2;0;0;0m       [38;2;0;0;0m [38;2;0;0;0m [38;2;0;0;0m [38;2;0;0;0m [38;2;1;1;0m [38;2;3;2;2m [38;2;39;30;17m.[38;2;69;52;27m.[38;2;110;82;39m,[38;2;126;94;45m;[38;2;153;114;54mc[38;2;148;110;53mc[38;2;82;61;31m'[38;2;8;6;4m [38;2;6;5;3m [38;2;71;53;27m.[38;2;135;97;44m:[38;2;143;102;44m:[38;2;116;82;36m,[38;2;98;69;29m'[38;2;66;46;20m.[38;2;35;24;11m [38;2;5;4;2m [38;2;0;0;0m [38;2;0;0;0m [38;2;0;0;0m [38;2;0;0;0m [38;2;0;0;0m        [38;2;1;1;1m [0m
[0m[38;2;2;2;2m [38;2;0;0;0m         [38;2;1;1;1m [38;2;35;26;13m [38;2;99;73;35m,[38;2;147;109;51mc[38;2;179;133;61mo[38;2;178;131;59mo[38;2;151;111;51mc[38;2;109;80;37m,[38;2;57;42;20m.[38;2;4;3;2m [38;2;0;0;0m [38;2;0;0;0m  [38;2;0;0;0m [38;2;2;1;1m [38;2;44;31;14m.[38;2;91;64;26m'[38;2;125;86;35m;[38;2;154;105;39mc[38;2;154;104;38mc[38;2;135;91;33m;[38;2;94;62;22m'[38;2;44;29;11m.[38;2;6;4;2m [38;2;0;0;0m [38;2;0;0;0m        [38;2;1;1;1m [0m
[0m[38;2;2;2;2m [38;2;0;0;0m       [38;2;0;0;0m [38;2;28;21;11m [38;2;102;76;36m,[38;2;132;97;44m:[38;2;110;80;37m,[38;2;91;67;30m'[38;2;59;43;20m.[38;2;28;21;10m [38;2;1;1;1m [38;2;0;0;0m [38;2;0;0;0m        [38;2;0;0;0m [38;2;0;0;0m [38;2;15;11;5m [38;2;41;28;11m.[38;2;65;42;15m.[38;2;82;53;18m.[38;2;94;60;19m'[38;2;86;55;17m.[38;2;29;18;7m [38;2;0;0;0m [38;2;0;0;0m [38;2;0;0;0m      [38;2;1;1;1m [0m
[0m[38;2;2;2;2m [38;2;0;0;0m       [38;2;0;0;0m [38;2;0;0;0m [38;2;0;0;0m [38;2;0;0;0m [38;2;0;0;0m                               [38;2;1;1;1m [0m
[0m[38;2;3;3;3m [38;2;2;2;2m                                          [38;2;2;2;2m [0m
