[0m[38;2;0;0;0m                                            [0m
[0m[38;2;0;0;0m                   [38;2;0;45;57m.[38;2;0;136;172m:[38;2;0;138;174m:[38;2;0;141;177m:[38;2;0;143;179m:[38;2;0;65;82m.[38;2;0;0;0m                   [0m
[0m[38;2;0;0;0m                [38;2;1;1;1m [38;2;0;18;23m [38;2;0;48;62m.[38;2;0;143;183m:[38;2;0;149;190m:[38;2;0;152;193mc[38;2;0;155;196mc[38;2;0;157;198mc[38;2;0;159;199mc[38;2;0;62;78m.[38;2;0;23;29m [38;2;2;2;2m [38;2;0;0;0m                [0m
[0m[38;2;0;0;0m       [38;2;0;7;10m [38;2;0;61;84m.[38;2;0;66;90m.[38;2;0;44;60m.[38;2;0;22;30m [38;2;0;12;16m [38;2;0;45;62m.[38;2;0;76;101m.[38;2;0;103;136m,[38;2;0;126;165m;[38;2;0;136;177m:[38;2;0;138;180m:[38;2;0;141;182m:[38;2;0;144;185m:[38;2;0;146;188m:[38;2;0;149;190m:[38;2;0;152;193mc[38;2;0;154;195mc[38;2;0;157;198mc[38;2;0;160;201mc[38;2;0;155;194mc[38;2;0;133;166m;[38;2;0;102;127m'[38;2;0;66;81m.[38;2;0;20;24m [38;2;0;30;37m [38;2;0;65;80m.[38;2;0;101;124m'[38;2;0;105;128m,[38;2;0;17;21m [38;2;0;0;0m       [0m
[0m[38;2;0;0;0m     [38;2;0;0;0m [38;2;0;44;64m.[38;2;1;100;141m'[38;2;1;106;149m,[38;2;0;109;151m,[38;2;0;111;154m,[38;2;0;114;156m,[38;2;0;117;159m,[38;2;0;119;162m;[38;2;0;122;164m;[38;2;0;125;167m;[38;2;0;127;169m;[38;2;0;130;172m;[38;2;0;43;57m.[38;2;87;87;87m [38;2;81;81;81m [38;2;79;79;79m [38;2;80;80;80m [38;2;85;85;85m [38;2;95;95;95m [38;2;0;34;44m [38;2;0;154;195mc[38;2;0;157;198mc[38;2;0;159;200mc[38;2;0;162;203mc[38;2;0;165;205mc[38;2;0;167;208ml[38;2;0;170;211ml[38;2;0;173;213ml[38;2;0;175;216ml[38;2;0;178;218ml[38;2;0;177;216ml[38;2;0;100;121m'[38;2;4;4;4m [38;2;0;0;0m     [0m
[0m[38;2;0;0;0m      [38;2;26;26;26m [38;2;1;79;113m.[38;2;1;101;143m,[38;2;1;103;146m,[38;2;1;106;148m,[38;2;0;109;151m,[38;2;0;111;154m,[38;2;0;114;156m,[38;2;0;20;27m [38;2;55;55;55m [38;2;34;34;34m [38;2;17;17;17m [38;2;3;3;3m [38;2;0;0;0m      [38;2;3;3;3m [38;2;18;18;18m [38;2;40;40;40m [38;2;68;68;68m [38;2;0;14;17m [38;2;0;159;200mc[38;2;0;162;203mc[38;2;0;165;205mc[38;2;0;167;208ml[38;2;0;170;210ml[38;2;0;173;213ml[38;2;0;157;193mc[38;2;57;57;57m [38;2;0;0;0m      [0m
[0m[38;2;0;0;0m      [38;2;0;3;5m [38;2;1;78;114m.[38;2;1;95;138m'[38;2;1;98;140m'[38;2;1;100;143m,[38;2;1;101;143m,[38;2;60;60;60m [38;2;25;25;25m [38;2;2;2;2m [38;2;0;0;0m              [38;2;1;1;1m [38;2;31;31;31m [38;2;82;82;82m [38;2;0;143;180m:[38;2;0;162;202mc[38;2;0;164;205mc[38;2;0;167;207mc[38;2;0;151;188mc[38;2;0;11;13m [38;2;0;0;0m      [0m
[0m[38;2;0;0;0m     [38;2;0;3;5m [38;2;1;73;110m.[38;2;1;87;130m'[38;2;1;89;132m'[38;2;1;92;135m'[38;2;1;49;71m.[38;2;26;26;26m [38;2;0;0;0m [38;2;0;0;0m                   [38;2;33;33;33m [38;2;0;67;84m.[38;2;0;159;199mc[38;2;0;161;202mc[38;2;0;164;205mc[38;2;0;151;188mc[38;2;0;12;14m [38;2;0;0;0m     [0m
[0m[38;2;0;0;0m     [38;2;1;55;86m.[38;2;1;78;122m.[38;2;1;81;124m.[38;2;1;84;127m'[38;2;1;53;81m.[38;2;13;13;13m [38;2;0;0;0m                      [38;2;16;16;16m [38;2;0;79;100m.[38;2;0;156;197mc[38;2;0;159;199mc[38;2;0;161;202mc[38;2;0;133;165m;[38;2;2;2;2m [38;2;0;0;0m    [0m
[0m[38;2;0;0;0m [38;2;0;3;5m [38;2;0;15;26m [38;2;0;27;46m [38;2;1;42;69m.[38;2;1;70;114m.[38;2;1;73;116m.[38;2;1;75;119m.[38;2;1;78;122m.[38;2;0;3;5m [38;2;0;0;0m                        [38;2;35;35;35m [38;2;0;150;191m:[38;2;0;153;194mc[38;2;0;156;196mc[38;2;0;158;199mc[38;2;0;107;135m,[38;2;0;71;89m.[38;2;0;44;55m.[38;2;0;11;14m [38;2;0;0;0m [0m
[0m[38;2;0;0;0m [38;2;0;22;40m [38;2;1;56;101m.[38;2;1;59;103m.[38;2;1;62;106m.[38;2;1;65;108m.[38;2;1;67;111m.[38;2;1;70;113m.[38;2;1;68;109m.[38;2;2;2;2m [38;2;0;0;0m                        [38;2;0;0;0m [38;2;0;117;151m;[38;2;0;147;188m:[38;2;0;150;191m:[38;2;0;153;194mc[38;2;0;155;196mc[38;2;0;158;199mc[38;2;0;161;201mc[38;2;0;86;108m.[38;2;0;0;0m [0m
[0m[38;2;0;0;0m [38;2;0;16;30m [38;2;1;51;95m.[38;2;1;54;98m.[38;2;1;56;100m.[38;2;1;59;103m.[38;2;1;62;106m.[38;2;1;64;108m.[38;2;1;67;111m.[38;2;2;2;2m [38;2;0;0;0m                        [38;2;0;0;0m [38;2;0;132;171m;[38;2;0;142;183m:[38;2;0;144;186m:[38;2;0;147;188m:[38;2;0;150;191m:[38;2;0;152;193mc[38;2;0;155;196mc[38;2;0;70;88m.[38;2;0;0;0m [0m
[0m[38;2;0;0;0m [38;2;2;2;2m [38;2;8;8;8m [38;2;16;16;16m [38;2;25;25;25m [38;2;1;51;94m.[38;2;1;56;100m.[38;2;1;59;103m.[38;2;1;61;105m.[38;2;0;18;31m [38;2;0;0;0m                        [38;2;0;27;35m [38;2;0;133;175m;[38;2;0;136;178m:[38;2;0;139;180m:[38;2;0;141;183m:[38;2;0;4;5m [38;2;44;44;44m [38;2;26;26;26m [38;2;7;7;7m [38;2;0;0;0m [0m
[0m[38;2;0;0;0m     [38;2;0;11;22m [38;2;1;50;95m.[38;2;1;53;97m.[38;2;1;56;100m.[38;2;1;56;98m.[38;2;0;8;13m [38;2;0;0;0m                      [38;2;0;10;14m [38;2;0;115;154m,[38;2;0;128;170m;[38;2;0;130;172m;[38;2;0;133;175m;[38;2;0;44;57m.[38;2;1;1;1m [38;2;0;0;0m    [0m
[0m[38;2;0;0;0m     [38;2;3;3;3m [38;2;0;13;26m [38;2;1;48;92m.[38;2;1;50;95m.[38;2;1;53;97m.[38;2;1;53;94m.[38;2;0;22;39m [38;2;0;0;0m [38;2;0;0;0m                  [38;2;0;0;0m [38;2;0;37;51m [38;2;0;107;147m,[38;2;0;120;162m;[38;2;0;122;164m;[38;2;0;125;167m;[38;2;0;49;65m.[38;2;13;13;13m [38;2;0;0;0m     [0m
[0m[38;2;0;0;0m      [38;2;2;2;2m [38;2;1;30;62m.[38;2;1;45;89m.[38;2;1;47;92m.[38;2;1;50;94m.[38;2;1;53;97m.[38;2;1;43;78m.[38;2;0;19;34m [38;2;0;1;1m [38;2;0;0;0m              [38;2;2;2;2m [38;2;0;31;46m [38;2;0;79;112m.[38;2;0;109;151m,[38;2;0;111;154m,[38;2;0;114;156m,[38;2;0;117;159m,[38;2;0;100;135m,[38;2;9;9;9m [38;2;0;0;0m      [0m
[0m[38;2;0;0;0m      [38;2;0;10;25m [38;2;1;36;80m.[38;2;1;39;84m.[38;2;1;42;86m.[38;2;1;44;89m.[38;2;1;47;91m.[38;2;1;50;94m.[38;2;1;52;97m.[38;2;1;51;92m.[38;2;1;37;66m.[38;2;0;24;42m [38;2;0;13;23m [38;2;0;2;4m [38;2;0;0;0m      [38;2;0;2;3m [38;2;0;17;26m [38;2;0;35;51m [38;2;1;58;86m.[38;2;1;87;126m'[38;2;1;98;140m'[38;2;1;100;143m,[38;2;1;103;146m,[38;2;1;106;148m,[38;2;0;108;151m,[38;2;0;111;153m,[38;2;0;114;156m,[38;2;0;49;67m.[38;2;0;0;0m      [0m
[0m[38;2;0;0;0m     [38;2;0;0;0m [38;2;14;14;14m [38;2;0;14;35m [38;2;1;34;78m [38;2;1;36;81m.[38;2;1;39;83m.[38;2;1;41;86m.[38;2;1;25;51m [38;2;1;47;91m.[38;2;1;49;94m.[38;2;1;52;96m.[38;2;1;55;99m.[38;2;1;57;101m.[38;2;1;60;103m.[38;2;1;57;97m.[38;2;1;54;91m.[38;2;1;54;89m.[38;2;1;56;91m.[38;2;1;60;96m.[38;2;1;69;108m.[38;2;1;78;121m.[38;2;1;82;125m.[38;2;1;84;127m'[38;2;1;87;130m'[38;2;1;89;132m'[38;2;1;92;135m'[38;2;1;58;85m.[38;2;1;93;133m'[38;2;1;100;143m,[38;2;1;103;145m,[38;2;1;105;148m,[38;2;0;60;84m.[38;2;50;50;50m [38;2;3;3;3m [38;2;0;0;0m     [0m
[0m[38;2;0;0;0m       [38;2;2;2;2m [38;2;13;13;13m [38;2;15;15;15m [38;2;10;10;10m [38;2;5;5;5m [38;2;3;3;3m [38;2;12;12;12m [38;2;21;21;21m [38;2;29;29;29m [38;2;36;36;36m [38;2;1;42;79m.[38;2;1;55;99m.[38;2;1;57;101m.[38;2;1;60;104m.[38;2;1;63;106m.[38;2;1;65;109m.[38;2;1;68;112m.[38;2;1;71;114m.[38;2;1;73;117m.[38;2;1;69;109m.[38;2;0;1;1m [38;2;48;48;48m [38;2;37;37;37m [38;2;24;24;24m [38;2;6;6;6m [38;2;10;10;10m [38;2;24;24;24m [38;2;39;39;39m [38;2;41;41;41m [38;2;9;9;9m [38;2;0;0;0m       [0m
[0m[38;2;0;0;0m                 [38;2;3;3;3m [38;2;12;12;12m [38;2;1;36;66m [38;2;1;54;98m.[38;2;1;57;101m.[38;2;1;60;104m.[38;2;1;62;106m.[38;2;1;52;87m.[38;2;19;19;19m [38;2;5;5;5m [38;2;0;0;0m [38;2;0;0;0m                [0m
[0m[38;2;0;0;0m                   [38;2;14;14;14m [38;2;33;33;33m [38;2;35;35;35m [38;2;37;37;37m [38;2;38;38;38m [38;2;20;20;20m [38;2;0;0;0m                   [0m
[0m[38;2;0;0;0m                                            [0m
