[0m[38;2;27;27;27m    [38;2;27;27;27m [38;2;27;27;27m         [38;2;27;27;27m [38;2;27;27;27m   [38;2;25;42;41m.[38;2;27;27;27m   [38;2;24;49;46m.[38;2;27;27;27m [38;2;27;27;27m [38;2;27;27;27m         [38;2;27;27;27m [38;2;27;27;27m     [0m
[0m[38;2;27;27;27m    [38;2;27;27;27m [38;2;27;27;27m         [38;2;27;27;27m [38;2;27;27;27m [38;2;27;28;28m [38;2;16;105;102m,[38;2;12;133;127m;[38;2;27;27;27m   [38;2;6;185;168ml[38;2;20;76;70m.[38;2;27;27;27m [38;2;27;27;27m         [38;2;27;27;27m [38;2;27;27;27m     [0m
[0m[38;2;27;27;27m    [38;2;27;27;27m [38;2;27;27;27m         [38;2;27;27;27m [38;2;23;56;57m.[38;2;8;154;155mc[38;2;0;217;214md[38;2;11;142;139m:[38;2;27;27;27m   [38;2;2;214;196md[38;2;1;222;201md[38;2;15;117;107m,[38;2;27;29;28m [38;2;27;27;27m        [38;2;27;27;27m [38;2;27;27;27m     [0m
[0m[38;2;27;27;27m    [38;2;27;27;27m [38;2;27;27;27m         [38;2;18;88;92m'[38;2;2;198;206mo[38;2;0;212;217md[38;2;0;214;215md[38;2;15;111;110m,[38;2;27;27;27m   [38;2;7;174;163ml[38;2;0;226;209md[38;2;0;228;207mx[38;2;9;162;146mc[38;2;24;52;49m.[38;2;27;27;27m       [38;2;27;27;27m [38;2;27;27;27m     [0m
[0m[38;2;27;27;27m    [38;2;27;27;27m [38;2;27;27;27m       [38;2;23;50;53m.[38;2;11;131;144m;[38;2;1;201;218mo[38;2;0;207;220md[38;2;4;184;192ml[38;2;18;91;92m'[38;2;27;28;28m [38;2;27;27;27m   [38;2;26;35;35m.[38;2;14;124;117m;[38;2;1;217;202md[38;2;0;228;208mx[38;2;2;211;191md[38;2;14;121;110m;[38;2;25;38;37m.[38;2;27;27;27m     [38;2;27;27;27m [38;2;27;27;27m     [0m
[0m[38;2;27;27;27m    [38;2;27;27;27m [38;2;27;27;27m     [38;2;26;30;31m.[38;2;15;100;115m,[38;2;2;185;212mo[38;2;0;199;225mo[38;2;0;200;221mo[38;2;11;133;143m;[38;2;25;41;42m.[38;2;27;27;27m       [38;2;19;81;77m.[38;2;3;204;190mo[38;2;0;227;209mx[38;2;0;228;208mx[38;2;4;196;176mo[38;2;19;85;78m'[38;2;27;27;27m    [38;2;27;27;27m [38;2;27;27;27m     [0m
[0m[38;2;27;27;27m    [38;2;27;27;27m [38;2;27;27;27m    [38;2;21;60;70m.[38;2;7;149;179m:[38;2;0;192;229mo[38;2;0;194;228mo[38;2;3;176;202ml[38;2;18;86;94m'[38;2;27;27;27m         [38;2;27;27;27m [38;2;24;47;45m.[38;2;12;135;127m;[38;2;1;216;201md[38;2;0;227;208mx[38;2;0;226;204md[38;2;10;150;136m:[38;2;24;47;45m.[38;2;27;27;27m  [38;2;27;27;27m [38;2;27;27;27m     [0m
[0m[38;2;27;27;27m    [38;2;27;27;27m [38;2;27;27;27m  [38;2;27;27;27m [38;2;16;89;110m'[38;2;1;179;224ml[38;2;0;187;232mo[38;2;0;188;230mo[38;2;10;128;151m;[38;2;25;41;44m.[38;2;27;27;27m [38;2;27;27;27m         [38;2;27;27;27m [38;2;27;27;27m  [38;2;22;65;62m.[38;2;6;179;167ml[38;2;0;226;209mx[38;2;0;228;208mx[38;2;3;203;183mo[38;2;21;72;67m.[38;2;27;27;27m [38;2;27;27;27m [38;2;27;27;27m     [0m
[0m[38;2;27;27;27m    [38;2;27;27;27m [38;2;27;27;27m [38;2;27;28;29m [38;2;13;107;138m,[38;2;0;179;234ml[38;2;0;183;235mo[38;2;2;170;214ml[38;2;18;82;98m'[38;2;27;27;27m [38;2;27;27;27m [38;2;27;27;27m [38;2;27;27;27m         [38;2;27;27;27m [38;2;27;27;27m   [38;2;26;34;34m.[38;2;13;127;119m;[38;2;1;221;205md[38;2;0;227;208mx[38;2;2;217;196md[38;2;18;92;85m'[38;2;27;27;27m [38;2;27;27;27m     [0m
[0m[38;2;27;27;27m    [38;2;27;27;27m [38;2;27;27;27m [38;2;15;93;123m'[38;2;0;176;239ml[38;2;0;178;238ml[38;2;3;165;216ml[38;2;22;54;64m.[38;2;27;27;27m   [38;2;27;27;27m [38;2;27;27;27m         [38;2;27;27;27m [38;2;27;27;27m     [38;2;17;98;93m'[38;2;0;221;207md[38;2;0;226;209mx[38;2;1;221;201md[38;2;22;60;56m.[38;2;27;27;27m     [0m
[0m[38;2;27;27;27m    [38;2;27;27;27m [38;2;23;45;55m.[38;2;1;165;232ml[38;2;0;173;241ml[38;2;0;173;237ml[38;2;20;66;81m.[38;2;27;27;27m    [38;2;27;27;27m [38;2;27;27;27m         [38;2;27;27;27m [38;2;27;27;27m      [38;2;13;127;121m;[38;2;0;224;210md[38;2;0;225;209md[38;2;10;150;138m:[38;2;27;27;27m     [0m
[0m[38;2;27;27;27m    [38;2;27;27;27m [38;2;14;95;132m'[38;2;0;169;243ml[38;2;0;170;242ml[38;2;7;134;185m:[38;2;27;27;27m     [38;2;27;27;27m [38;2;27;27;27m         [38;2;27;27;27m [38;2;27;27;27m      [38;2;26;36;36m.[38;2;1;212;204md[38;2;0;222;211md[38;2;2;207;194mo[38;2;27;27;27m     [0m
[0m[38;2;27;27;27m    [38;2;27;27;27m [38;2;11;108;156m,[38;2;0;166;245ml[38;2;0;168;244ml[38;2;11;112;156m;[38;2;27;27;27m     [38;2;27;27;27m [38;2;27;27;27m         [38;2;27;27;27m [38;2;27;27;27m       [38;2;3;192;189mo[38;2;0;219;213md[38;2;0;220;210md[38;2;27;27;27m     [0m
[0m[38;2;27;27;27m    [38;2;27;27;27m [38;2;16;78;110m.[38;2;0;164;246ml[38;2;0;165;245ml[38;2;5;141;205m:[38;2;27;29;31m [38;2;27;27;27m    [38;2;27;27;27m [38;2;27;27;27m         [38;2;27;27;27m [38;2;27;27;27m      [38;2;23;50;51m.[38;2;1;209;211md[38;2;0;216;215md[38;2;4;187;182ml[38;2;27;27;27m     [0m
[0m[38;2;27;27;27m    [38;2;27;27;27m [38;2;26;30;33m.[38;2;5;134;202m:[38;2;0;163;247ml[38;2;0;165;246ml[38;2;13;96;136m,[38;2;27;27;27m    [38;2;27;27;27m [38;2;27;27;27m         [38;2;27;27;27m [38;2;27;27;27m     [38;2;26;34;34m.[38;2;7;160;167mc[38;2;0;211;218md[38;2;0;213;216md[38;2;16;105;105m,[38;2;27;27;27m     [0m
[0m[38;2;27;27;27m    [38;2;27;27;27m [38;2;27;27;27m [38;2;24;43;53m.[38;2;6;130;197m:[38;2;0;162;247ml[38;2;0;163;245ml[38;2;11;110;158m,[38;2;24;42;51m.[38;2;27;27;27m  [38;2;27;27;27m [38;2;27;27;27m         [38;2;27;27;27m [38;2;27;27;27m    [38;2;21;64;69m.[38;2;7;161;174mc[38;2;0;206;221md[38;2;0;208;219md[38;2;11;137;141m:[38;2;26;31;31m.[38;2;27;27;27m     [0m
[0m[38;2;27;27;27m    [38;2;27;27;27m [38;2;27;27;27m  [38;2;26;33;36m.[38;2;12;98;145m,[38;2;1;157;240mc[38;2;0;163;247ml[38;2;2;153;227mc[38;2;13;99;140m,[38;2;22;50;63m.[38;2;27;27;27m [38;2;27;27;27m         [38;2;27;27;27m [38;2;27;27;27m [38;2;27;29;30m [38;2;20;69;78m.[38;2;10;134;152m:[38;2;1;195;220mo[38;2;0;201;224mo[38;2;3;185;202ml[38;2;17;95;100m'[38;2;27;28;28m [38;2;27;27;27m [38;2;27;27;27m     [0m
[0m[38;2;27;27;27m    [38;2;27;27;27m [38;2;27;27;27m    [38;2;22;50;65m.[38;2;12;99;145m,[38;2;4;141;212m:[38;2;0;164;246ml[38;2;1;162;240ml[38;2;7;131;188m:[38;2;13;102;142m,[38;2;16;83;112m'[38;2;19;70;91m.[38;2;21;61;76m.[38;2;22;57;69m.[38;2;22;57;69m.[38;2;21;58;70m.[38;2;20;65;79m.[38;2;18;77;94m.[38;2;15;98;120m,[38;2;10;128;156m;[38;2;4;163;197mc[38;2;0;192;228mo[38;2;0;191;225mo[38;2;6;157;180mc[38;2;15;104;115m,[38;2;25;42;44m.[38;2;27;27;27m  [38;2;27;27;27m [38;2;27;27;27m     [0m
[0m[38;2;27;27;27m    [38;2;27;27;27m [38;2;27;27;27m      [38;2;26;30;32m.[38;2;20;61;83m.[38;2;13;95;136m'[38;2;7;127;185m;[38;2;2;153;223mc[38;2;0;168;242ml[38;2;0;170;243ml[38;2;0;172;242ml[38;2;0;173;240ml[38;2;0;175;239ml[38;2;0;177;238ml[38;2;0;179;237ml[38;2;0;181;236ml[38;2;1;177;227ml[38;2;5;157;196mc[38;2;9;131;159m;[38;2;15;98;115m'[38;2;22;57;64m.[38;2;27;27;27m [38;2;27;27;27m    [38;2;27;27;27m [38;2;27;27;27m     [0m
[0m[38;2;27;27;27m    [38;2;27;27;27m [38;2;27;27;27m         [38;2;27;27;27m [38;2;25;38;45m.[38;2;19;67;88m.[38;2;15;89;122m'[38;2;12;104;144m,[38;2;11;114;155m;[38;2;11;115;155m;[38;2;11;114;152m;[38;2;13;105;137m,[38;2;16;88;111m'[38;2;21;58;68m.[38;2;27;28;29m [38;2;27;27;27m        [38;2;27;27;27m [38;2;27;27;27m     [0m
