[0m[38;2;23;23;23m::::::::::::::::::::::::::::::::::::::::::::::::::::::::::::::[0m
[0m[38;2;23;23;23m::::::::::::::::::::::::::::::::::::::::::::::::::::::::::::::[0m
[0m[38;2;23;23;23m::::::::::::::::::::::::::::::::::::::::::::::::::::::::::::::[0m
[0m[38;2;23;23;23m::::::::::::::::::::::::::::::::::::::::::::::::::::::::::::::[0m
[0m[38;2;23;23;23m::::::::::::::::::::::::::::::::::::::::::::::::::::::::::::::[0m
[0m[38;2;23;23;23m:[38;2;44;25;26m*[38;2;127;29;34m***********[38;2;38;26;27m*[38;2;24;35;28m*[38;2;26;80;42m************[38;2;25;78;41m*[38;2;25;69;38m*[38;2;25;51;32m*[38;2;24;27;25m*[38;2;23;23;23m:::[38;2;17;57;86m*[38;2;13;72;114m********[38;2;16;64;98m*[38;2;23;23;23m:[38;2;23;23;23m:::::[38;2;22;33;42m*[38;2;13;72;114m*********[38;2;22;39;51m*[38;2;23;23;23m:[0m
[0m[38;2;23;23;23m:[38;2;35;24;25m*[38;2;80;26;29m***********[38;2;32;25;25m*[38;2;24;30;26m*[38;2;25;55;34m***************[38;2;26;48;32m*[38;2;23;27;25m*[38;2;23;24;24m:[38;2;23;23;23m:[38;2;20;42;58m*[38;2;18;51;74m*********[38;2;23;28;32m*[38;2;23;23;23m::::[38;2;23;23;24m:[38;2;21;38;51m*[38;2;18;51;74m*********[38;2;23;32;38m*[38;2;23;23;23m:[0m
[0m[38;2;23;23;23m:[38;2;53;25;26m*[38;2;167;29;36m*[38;2;167;29;36m*[38;2;167;29;36m*[38;2;167;29;36m*[38;2;167;29;36m**[38;2;167;29;36m*[38;2;167;29;36m*[38;2;167;29;36m*[38;2;167;29;36m**[38;2;44;27;28m*[38;2;24;40;29m*[38;2;25;101;48m*****************[38;2;26;75;41m*[38;2;23;23;23m:[38;2;13;70;110m*[38;2;6;90;150m*********[38;2;9;85;140m*[38;2;23;27;30m*[38;2;23;23;23m:::[38;2;19;48;68m*[38;2;6;90;150m**********[38;2;21;45;61m*[38;2;23;23;23m:[0m
[0m[38;2;23;23;23m:::::[38;2;125;28;33m*[38;2;129;28;33m***[38;2;119;29;34m*[38;2;23;23;23m::::::::[38;2;26;79;42m*[38;2;25;80;42m***[38;2;27;76;42m*[38;2;23;23;23m::::[38;2;24;35;28m*[38;2;25;80;42m*****[38;2;24;28;25m*[38;2;23;23;23m:::[38;2;19;46;65m*[38;2;12;73;117m*******[38;2;13;69;109m*[38;2;23;25;26m:[38;2;23;23;23m:[38;2;20;41;55m*[38;2;12;73;117m********[38;2;25;27;29m*[38;2;23;23;23m::::[0m
[0m[38;2;23;23;23m:::::[38;2;81;27;30m*[38;2;83;27;30m***[38;2;77;27;30m*[38;2;23;23;23m::::::::[38;2;25;55;34m*[38;2;25;56;34m***[38;2;26;54;34m*[38;2;25;30;26m****[38;2;25;36;28m*[38;2;25;56;34m****[38;2;25;50;32m*[38;2;23;23;23m:[38;2;23;23;23m:::[38;2;21;36;47m*[38;2;17;52;76m********[38;2;23;34;42m*[38;2;23;25;26m:[38;2;20;44;61m*[38;2;17;52;76m********[38;2;24;25;26m:[38;2;23;23;23m::::[0m
[0m[38;2;23;23;23m:::::[38;2;159;30;37m*[38;2;164;30;37m**[38;2;164;30;37m*[38;2;150;32;38m*[38;2;23;23;23m::::::::[38;2;27;97;48m*[38;2;26;100;48m***********[38;2;26;99;48m*[38;2;26;71;39m*[38;2;23;25;24m:[38;2;23;23;23m::::[38;2;18;53;79m*[38;2;8;90;147m****[38;2;17;74;115m*[38;2;8;90;147m***[38;2;9;89;146m*[38;2;16;69;107m*[38;2;8;90;147m***[38;2;11;83;134m*[38;2;12;80;128m*[38;2;8;90;147m****[38;2;25;29;31m*[38;2;23;23;23m::::[0m
[0m[38;2;23;23;23m:::::[38;2;126;29;35m*[38;2;130;29;34m***[38;2;120;31;35m*[38;2;23;23;23m::::::::[38;2;27;80;43m*[38;2;26;82;43m***********[38;2;26;82;43m*[38;2;25;52;33m*[38;2;23;23;23m:::::[38;2;19;46;66m*[38;2;13;74;118m****[38;2;21;46;63m*[38;2;22;40;52m*[38;2;13;74;118m******[38;2;15;69;108m*[38;2;23;24;25m:[38;2;16;65;100m*[38;2;13;74;118m****[38;2;25;27;29m*[38;2;23;23;23m::::[0m
[0m[38;2;23;23;23m:::::[38;2;81;27;29m*[38;2;83;26;29m***[38;2;77;27;30m*[38;2;23;23;23m::::::::[38;2;25;55;34m*[38;2;25;56;34m*[38;2;25;56;34m*[38;2;25;56;34m*[38;2;25;55;34m*[38;2;25;48;32m*[38;2;25;48;32m*[38;2;25;48;32m*[38;2;25;48;32m*[38;2;25;50;32m*[38;2;25;56;34m*[38;2;25;56;34m**[38;2;25;56;34m*[38;2;24;34;27m*[38;2;23;23;23m::::[38;2;21;36;47m*[38;2;17;52;76m****[38;2;22;36;46m*[38;2;23;24;25m:[38;2;18;47;68m*[38;2;17;52;76m*****[38;2;21;37;49m*[38;2;23;23;23m:[38;2;19;46;66m*[38;2;17;52;76m****[38;2;24;25;26m:[38;2;23;23;23m::::[0m
[0m[38;2;23;23;23m:::::[38;2;157;29;36m*[38;2;162;29;36m**[38;2;162;29;36m*[38;2;149;31;37m*[38;2;23;23;23m::::::::[38;2;26;96;47m*[38;2;25;98;47m***[38;2;28;92;47m*[38;2;23;23;23m::::[38;2;24;39;29m*[38;2;25;98;47m****[38;2;25;98;47m*[38;2;24;28;25m*[38;2;23;23;23m:::[38;2;17;53;78m*[38;2;7;88;146m****[38;2;20;52;75m*[38;2;23;23;23m:[38;2;22;33;41m*[38;2;8;87;144m*[38;2;7;88;146m***[38;2;13;72;115m*[38;2;23;23;23m:[38;2;23;23;23m:[38;2;11;76;122m*[38;2;7;88;146m****[38;2;25;29;31m*[38;2;23;23;23m::::[0m
[0m[38;2;23;23;23m:[38;2;46;25;26m*[38;2;134;28;33m***********[38;2;39;26;27m*[38;2;24;36;28m*[38;2;25;83;42m*****************[38;2;26;68;38m*[38;2;23;23;23m:[38;2;15;59;91m*[38;2;11;75;121m*******[38;2;20;46;65m*[38;2;23;23;23m::[38;2;23;31;38m*[38;2;11;75;121m*[38;2;11;75;121m*[38;2;15;63;97m*[38;2;23;23;23m:::[38;2;14;66;102m*[38;2;11;75;121m*******[38;2;22;40;53m*[38;2;23;23;23m:[0m
[0m[38;2;23;23;23m:[38;2;35;24;25m*[38;2;81;26;29m***********[38;2;32;25;25m*[38;2;24;30;26m*[38;2;25;55;34m***************[38;2;25;54;34m*[38;2;24;45;30m*[38;2;24;32;26m*[38;2;23;23;23m:[38;2;20;42;58m*[38;2;18;51;74m*******[38;2;22;35;45m*[38;2;23;23;23m:::[38;2;20;42;58m*[38;2;18;49;71m*[38;2;21;32;40m*[38;2;23;23;23m:::[38;2;19;46;64m*[38;2;18;51;74m*******[38;2;23;32;38m*[38;2;23;23;23m:[0m
[0m[38;2;23;23;23m:[38;2;51;25;27m*[38;2;160;30;37m*[38;2;160;30;37m*[38;2;160;30;37m*[38;2;160;30;37m*[38;2;160;30;37m**[38;2;160;30;37m*[38;2;160;30;37m*[38;2;160;30;37m*[38;2;160;30;37m**[38;2;43;27;28m*[38;2;24;39;29m*[38;2;25;97;47m*[38;2;25;97;47m*[38;2;26;97;47m*[38;2;26;97;47m*[38;2;26;97;47m*[38;2;26;97;47m*[38;2;26;97;47m*[38;2;26;97;47m**[38;2;26;97;48m*[38;2;26;98;48m*[38;2;26;98;48m*[38;2;25;96;47m*[38;2;25;87;44m*[38;2;25;69;38m*[38;2;24;39;29m*[38;2;23;23;23m:::[38;2;15;68;106m*[38;2;9;88;144m*******[38;2;20;52;74m*[38;2;23;23;23m:::[38;2;23;26;28m:[38;2;18;54;79m*[38;2;23;23;23m::::[38;2;13;76;121m*[38;2;9;88;144m*******[38;2;22;44;60m*[38;2;23;23;23m:[0m
[0m[38;2;23;23;23m::::::::::::::::::::::::::::::::::::::::::::::::::::::::::::::[0m
[0m[38;2;23;23;23m::::::::::::::::::::::::::::::::::::::::::::::::::::::::::::::[0m
[0m[38;2;23;23;23m::::::::::::::::::::::::::::::::::::::::::::::::::::::::::::::[0m
[0m[38;2;23;23;23m::::::::::::::::::::::::::::::::::::::::::::::::::::::::::::::[0m
[0m[38;2;23;23;23m::::::::::::::::::::::::::::::::::::::::::::::::::::::::::::::[0m
