[0m[38;2;0;0;0m                                   [38;2;9;9;9m [38;2;47;70;30m.[38;2;74;113;48m;[38;2;9;9;9m [38;2;0;0;0m     [0m
[0m[38;2;0;0;0m                                  [38;2;8;13;5m [38;2;99;151;64ml[38;2;105;160;68mo[38;2;105;160;68mo[38;2;38;58;24m.[38;2;0;0;0m     [0m
[0m[38;2;0;0;0m                                 [38;2;34;34;34m [38;2;83;126;53m:[38;2;114;174;73md[38;2;104;158;67mo[38;2;89;134;58mc[38;2;114;173;73md[38;2;4;6;3m [38;2;6;6;6m [38;2;0;0;0m   [0m
[0m[38;2;0;0;0m                                 [38;2;58;89;38m'[38;2;114;174;73md[38;2;114;173;73md[38;2;51;78;33m'[38;2;32;49;21m.[38;2;114;174;73md[38;2;114;174;73md[38;2;87;133;56m:[38;2;20;20;20m [38;2;0;0;0m  [0m
[0m[38;2;0;0;0m                                 [38;2;71;108;46m;[38;2;114;174;73mdd[38;2;114;174;73md[38;2;93;141;60mc[38;2;84;128;54m:[38;2;114;174;73md[38;2;84;127;54m:[38;2;66;101;42m,[38;2;9;9;9m [38;2;0;0;0m [0m
[0m[38;2;0;0;0m                  [38;2;6;6;6m [38;2;23;23;23m [38;2;21;29;9m [38;2;45;61;19m.[38;2;45;61;18m.[38;2;45;61;18m.[38;2;46;61;18m.[38;2;35;30;9m [38;2;28;28;28m [38;2;8;8;8m [38;2;0;0;0m     [38;2;26;39;16m.[38;2;110;168;71mo[38;2;23;35;15m.[38;2;107;163;69mo[38;2;114;174;73md[38;2;57;86;36m'[38;2;51;78;33m'[38;2;114;174;73md[38;2;114;173;73md[38;2;2;4;2m [38;2;0;0;0m [0m
[0m[38;2;0;0;0m             [38;2;19;19;19m [38;2;36;50;15m.[38;2;76;105;32m;[38;2;102;140;42mc[38;2;120;165;50mo[38;2;79;108;32m;[38;2;96;132;40m:[38;2;109;146;49ml[38;2;157;206;76mk[38;2;160;208;79mk[38;2;161;208;80mk[38;2;159;207;78mk[38;2;116;146;50ml[38;2;155;172;52md[38;2;220;196;58mO[38;2;203;164;49mx[38;2;157;127;37ml[38;2;79;64;19m'[38;2;25;25;25m [38;2;0;0;0m [38;2;45;45;45m [38;2;30;46;19m.[38;2;114;174;73md[38;2;114;174;73md[38;2;114;174;73md[38;2;114;174;73md[38;2;68;103;44m;[38;2;114;174;73md[38;2;100;153;65ml[38;2;49;49;49m [38;2;0;0;0m [0m
[0m[38;2;0;0;0m         [38;2;6;6;6m [38;2;22;30;9m [38;2;84;114;34m;[38;2;116;159;48mo[38;2;143;197;59mx[38;2;145;199;60mxxxx[38;2;145;199;60mx[38;2;47;64;19m.[38;2;155;205;73mk[38;2;160;208;79mk[38;2;161;208;81mk[38;2;161;209;81mO[38;2;159;207;78mk[38;2;153;204;70mk[38;2;145;199;60mx[38;2;149;199;60mk[38;2;69;60;18m.[38;2;41;33;10m.[38;2;176;142;42mo[38;2;251;202;59m0[38;2;191;155;45md[38;2;64;52;15m.[38;2;44;44;44m [38;2;114;114;114m [38;2;37;56;24m.[38;2;114;174;73md[38;2;114;174;73md[38;2;86;131;55mc[38;2;114;174;73md[38;2;10;16;7m [38;2;15;15;15m [38;2;0;0;0m [0m
[0m[38;2;0;0;0m       [38;2;26;26;26m [38;2;71;96;28m,[38;2;132;179;53md[38;2;145;199;60mx[38;2;145;199;60mxxxxxxxx[38;2;101;139;42mc[38;2;91;124;37m:[38;2;145;199;60mxxxxxx[38;2;93;127;38m:[38;2;175;152;32md[38;2;255;189;34mO[38;2;255;190;35m0[38;2;255;192;38m0[38;2;255;193;41m0[38;2;255;196;46m0[38;2;166;130;32ml[38;2;16;16;16m [38;2;38;38;38m [38;2;86;86;86m [38;2;136;136;136m [38;2;7;11;5m [38;2;32;48;20m.[38;2;45;45;45m [38;2;7;7;7m [38;2;0;0;0m [0m
[0m[38;2;0;0;0m     [38;2;1;2;0m [38;2;94;129;39m:[38;2;143;196;59mx[38;2;145;199;60mxxxxxxx[38;2;134;184;56md[38;2;12;16;5m [38;2;162;182;48mx[38;2;198;193;45mk[38;2;221;190;39mO[38;2;65;62;14m.[38;2;151;173;47md[38;2;7;9;2m [38;2;167;167;167m [38;2;167;167;167m [38;2;11;14;4m [38;2;167;182;47mx[38;2;221;190;39mO[38;2;255;186;29mOOOOOO[38;2;255;186;29mO[38;2;202;153;36md[38;2;69;84;27m'[38;2;43;52;17m.[38;2;37;45;15m.[38;2;76;93;30m,[38;2;150;184;61mx[38;2;167;203;66mk[38;2;160;194;63mk[38;2;44;53;17m.[0m
[0m[38;2;0;0;0m   [38;2;2;2;2m [38;2;34;47;14m.[38;2;139;191;58mx[38;2;145;199;60mxxxxxx[38;2;73;100;30m,[38;2;62;75;21m'[38;2;191;194;47mk[38;2;223;190;38mO[38;2;249;187;31mO[38;2;255;186;29mOOO[38;2;193;141;22mo[38;2;144;105;16m:[38;2;253;186;30mO[38;2;246;187;32mO[38;2;246;187;31mO[38;2;254;186;29mO[38;2;255;186;29mOOOOOOO[38;2;255;186;29mO[38;2;254;173;32mO[38;2;251;162;36mk[38;2;63;48;12m.[38;2;27;27;27m  [38;2;36;36;36m [38;2;48;48;48m [38;2;68;68;68m [38;2;90;90;90m [38;2;61;61;61m [0m
[0m[38;2;0;0;0m  [38;2;10;10;10m [38;2;72;99;30m,[38;2;145;199;60mx[38;2;145;199;60mxxxx[38;2;106;145;44mc[38;2;67;82;23m'[38;2;201;192;44mk[38;2;233;189;35mO[38;2;254;186;29mO[38;2;255;186;29mOOOOOOO[38;2;84;61;10m.[38;2;253;184;29mO[38;2;255;186;29mOOOOO[38;2;241;176;27mk[38;2;51;37;6m.[38;2;189;189;189m [38;2;8;6;1m [38;2;183;130;22ml[38;2;254;174;32mO[38;2;254;163;35mk[38;2;254;163;35mk[38;2;172;109;24mc[38;2;9;9;9m [38;2;0;0;0m      [0m
[0m[38;2;0;0;0m [38;2;15;15;15m [38;2;105;144;43ml[38;2;145;199;60mx[38;2;145;199;60mxxx[38;2;39;53;16m.[38;2;149;160;41mo[38;2;224;190;38mO[38;2;254;186;29mO[38;2;255;186;29mOOOOOOOOOO[38;2;209;153;24md[38;2;171;171;171m [38;2;52;38;6m.[38;2;242;177;27mk[38;2;255;186;29mO[38;2;255;186;29mO[38;2;255;186;29mO[38;2;255;186;29mO[38;2;255;186;29mO[38;2;255;185;29mO[38;2;255;176;31mO[38;2;254;165;34mk[38;2;254;161;35mkkk[38;2;169;107;23mc[38;2;27;27;27m [38;2;0;0;0m      [0m
[0m[38;2;0;0;0m [38;2;69;95;28m,[38;2;145;199;60mxxx[38;2;64;86;25m'[38;2;185;185;45mx[38;2;239;188;34mO[38;2;255;186;29mOOOOOOOOOOOOOO[38;2;104;75;12m,[38;2;204;149;23md[38;2;255;186;29mOOOO[38;2;255;184;29mO[38;2;255;175;32mO[38;2;254;165;34mk[38;2;254;161;35mkkkkk[38;2;47;30;7m.[38;2;0;0;0m       [0m
[0m[38;2;5;7;2m [38;2;145;199;60mx[38;2;145;199;60mx[38;2;106;145;44mc[38;2;137;147;37ml[38;2;238;189;34mO[38;2;255;186;29mOOOOOOOOOOOOOOOO[38;2;255;186;29mO[38;2;82;60;9m.[38;2;255;186;29mO[38;2;255;183;30mO[38;2;255;176;31mO[38;2;254;169;33mk[38;2;254;162;35mk[38;2;254;161;35mkkkkkk[38;2;99;62;14m'[38;2;55;55;55m [38;2;0;0;0m       [0m
[0m[38;2;23;30;10m [38;2;145;199;60mx[38;2;74;96;28m,[38;2;213;191;41mO[38;2;255;186;29mO[38;2;255;186;29mOOOOOOOOOOOOOOOO[38;2;255;184;30mO[38;2;255;179;31mO[38;2;161;110;20mc[38;2;178;117;24ml[38;2;254;161;35mk[38;2;254;161;35mkkkkkkkk[38;2;65;42;9m.[38;2;67;67;67m [38;2;0;0;0m        [0m
[0m[38;2;12;17;5m [38;2;105;123;34m:[38;2;241;187;32mO[38;2;255;186;29mOOOOOOOOOOOO[38;2;255;186;29mO[38;2;255;184;29mO[38;2;255;180;30mO[38;2;255;176;31mO[38;2;254;171;33mO[38;2;254;166;34mk[38;2;254;162;35mk[38;2;254;161;35mk[38;2;254;163;34mk[38;2;85;55;11m.[38;2;254;161;35mkkkkkkk[38;2;194;123;27ml[38;2;150;150;150m [38;2;47;47;47m [38;2;0;0;0m         [0m
[0m[38;2;47;47;47m [38;2;134;97;18m:[38;2;255;179;31mO[38;2;255;180;30mO[38;2;255;181;30mO[38;2;255;182;30mO[38;2;255;182;30mO[38;2;255;182;30mO[38;2;255;181;30mO[38;2;255;180;31mO[38;2;255;178;31mO[38;2;255;176;31mO[38;2;255;174;32mO[38;2;254;171;33mO[38;2;254;168;33mk[38;2;254;165;34mk[38;2;254;162;35mk[38;2;254;161;35mkkkkkkk[38;2;178;113;24ml[38;2;161;103;22mc[38;2;254;161;35mkkkk[38;2;153;97;21m:[38;2;158;158;158m [38;2;87;87;87m [38;2;9;9;9m [38;2;0;0;0m          [0m
[0m[38;2;0;0;0m [38;2;100;100;100m [38;2;97;62;13m'[38;2;254;161;35mkkkkkkkkkkkkkkkkkkkkk[38;2;254;161;35mk[38;2;86;55;12m.[38;2;254;161;35mk[38;2;239;152;33mx[38;2;8;5;1m [38;2;127;127;127m [38;2;62;62;62m [38;2;8;8;8m [38;2;0;0;0m            [0m
[0m[38;2;0;0;0m  [38;2;59;59;59m [38;2;141;141;141m [38;2;100;63;14m'[38;2;254;161;35mkkkkkkkkkkkkkkkkkkk[38;2;72;46;10m.[38;2;157;157;157m [38;2;115;115;115m [38;2;76;76;76m [38;2;22;22;22m [38;2;0;0;0m               [0m
[0m[38;2;0;0;0m   [38;2;2;2;2m [38;2;47;47;47m [38;2;98;98;98m [38;2;141;141;141m [38;2;169;169;169m [38;2;51;33;7m.[38;2;245;155;34mx[38;2;254;161;35mkkkkkkkk[38;2;202;128;28mo[38;2;12;8;2m [38;2;163;163;163m [38;2;136;136;136m [38;2;110;110;110m [38;2;79;79;79m [38;2;40;40;40m [38;2;4;4;4m [38;2;0;0;0m                  [0m
[0m[38;2;0;0;0m       [38;2;15;15;15m [38;2;62;62;62m [38;2;99;99;99m [38;2;129;129;129m [38;2;149;149;149m [38;2;154;154;154m [38;2;174;174;174m [38;2;154;154;154m [38;2;149;149;149m [38;2;133;133;133m [38;2;114;114;114m [38;2;87;87;87m [38;2;50;50;50m [38;2;8;8;8m [38;2;0;0;0m                       [0m
