[0m[38;2;96;96;96m                                            [0m
[0m[38;2;96;96;96m                 [38;2;9;14;10m [38;2;63;95;65m,[38;2;60;87;61m,[38;2;55;77;55m'[38;2;51;69;50m.[38;2;51;69;51m.[38;2;55;77;55m'[38;2;60;87;61m,[38;2;60;91;63m,[38;2;5;8;5m [38;2;96;96;96m                 [0m
[0m[38;2;96;96;96m            [38;2;95;95;95m [38;2;56;85;59m'[38;2;54;74;53m'[38;2;46;57;43m.[38;2;42;44;37m.[38;2;47;41;38m.[38;2;83;75;68m,[38;2;53;46;43m.[38;2;183;170;152mk[38;2;126;115;104mc[38;2;153;141;126mo[38;2;118;108;97m:[38;2;65;57;53m.[38;2;69;61;56m.[38;2;47;42;39m.[38;2;41;43;35m.[38;2;46;57;43m.[38;2;54;75;54m'[38;2;57;85;59m'[38;2;1;1;1m [38;2;96;96;96m            [0m
[0m[38;2;96;96;96m          [38;2;43;63;44m.[38;2;46;58;44m.[38;2;56;54;47m.[38;2;80;72;65m'[38;2;104;95;86m;[38;2;144;133;120mo[38;2;149;138;123mo[38;2;128;118;106mc[38;2;137;126;113ml[38;2;87;78;71m,[38;2;166;154;137md[38;2;110;99;89m:[38;2;148;137;122mo[38;2;145;134;120mo[38;2;78;70;64m'[38;2;126;116;104mc[38;2;156;145;129md[38;2;102;93;84m;[38;2;136;125;112ml[38;2;103;93;84m;[38;2;69;61;56m.[38;2;55;52;46m.[38;2;46;58;44m.[38;2;38;57;40m.[38;2;96;96;96m          [0m
[0m[38;2;96;96;96m          [38;2;32;37;29m.[38;2;147;136;122mo[38;2;129;118;106mc[38;2;109;100;90m:[38;2;80;69;63m'[38;2;97;59;55m'[38;2;112;42;42m.[38;2;127;26;29m.[38;2;157;26;31m'[38;2;180;27;33m'[38;2;201;27;34m,[38;2;221;28;35m,[38;2;220;28;35m,[38;2;202;27;34m,[38;2;181;27;33m'[38;2;155;26;31m'[38;2;126;26;30m.[38;2;99;29;31m.[38;2;85;47;45m.[38;2;103;91;83m;[38;2;113;103;93m:[38;2;89;80;73m,[38;2;152;141;126mo[38;2;29;36;27m.[38;2;96;96;96m          [0m
[0m[38;2;96;96;96m          [38;2;34;35;28m.[38;2;120;65;62m,[38;2;131;29;32m.[38;2;175;27;32m'[38;2;218;28;35m,[38;2;237;28;36m;[38;2;237;28;36m;;;;[38;2;237;28;36m;[38;2;239;55;58m:[38;2;240;72;73ml[38;2;239;62;64mc[38;2;237;28;36m;[38;2;237;28;36m;;;[38;2;237;28;36m;[38;2;216;28;35m,[38;2;172;27;32m'[38;2;128;26;30m.[38;2;91;36;37m.[38;2;31;35;27m.[38;2;96;96;96m          [0m
[0m[38;2;96;96;96m          [38;2;120;35;32m.[38;2;237;28;36m;[38;2;237;28;36m;[38;2;237;30;38m;[38;2;237;29;37m;[38;2;237;28;36m;[38;2;237;28;36m;[38;2;237;28;36m;[38;2;237;35;42m;[38;2;239;60;63mc[38;2;242;100;96mo[38;2;246;142;131mk[38;2;249;194;175mK[38;2;250;200;179mK[38;2;250;202;181mK[38;2;248;175;159m0[38;2;246;154;141mO[38;2;241;84;83ml[38;2;238;46;51m:[38;2;237;28;36m;[38;2;237;28;36m;;[38;2;237;28;36m;[38;2;99;36;30m.[38;2;96;96;96m          [0m
[0m[38;2;96;96;96m          [38;2;95;28;25m.[38;2;237;28;36m;[38;2;237;32;40m;[38;2;240;76;76ml[38;2;245;135;125mx[38;2;242;94;91mo[38;2;242;99;95mo[38;2;249;190;171mK[38;2;250;199;179mK[38;2;248;176;159m0[38;2;246;145;133mk[38;2;245;137;127mk[38;2;246;143;132mk[38;2;246;148;136mk[38;2;250;204;182mX[38;2;252;230;204mN[38;2;249;191;172mK[38;2;247;161;147mO[38;2;246;147;135mk[38;2;238;42;48m:[38;2;237;28;36m;;;[38;2;80;29;24m.[38;2;96;96;96m          [0m
[0m[38;2;96;96;96m          [38;2;41;19;15m [38;2;237;28;36m;;[38;2;238;36;42m;[38;2;242;100;96mo[38;2;250;199;178mK[38;2;250;202;181mK[38;2;248;175;158m0[38;2;246;149;137mk[38;2;240;65;67mc[38;2;238;37;44m;[38;2;238;40;46m:[38;2;239;56;59mc[38;2;239;63;65mc[38;2;240;69;70mc[38;2;239;65;67mc[38;2;237;33;40m;[38;2;241;83;82ml[38;2;241;85;84ml[38;2;237;28;36m;;;;[38;2;35;19;14m [38;2;96;96;96m          [0m
[0m[38;2;96;96;96m          [38;2;90;90;90m [38;2;216;26;33m,[38;2;237;28;36m;;[38;2;239;62;64mc[38;2;250;200;179mK[38;2;246;153;140mk[38;2;253;234;207mN[38;2;250;198;177mK[38;2;247;158;145mO[38;2;246;148;135mk[38;2;245;135;125mx[38;2;243;114;107md[38;2;241;87;85ml[38;2;240;71;72ml[38;2;239;58;61mc[38;2;238;39;45m:[38;2;237;28;36m;;;;;[38;2;219;26;33m,[38;2;91;91;91m [38;2;96;96;96m          [0m
[0m[38;2;96;96;96m           [38;2;78;19;18m.[38;2;237;28;36m;;[38;2;243;103;99mo[38;2;248;178;161m0[38;2;249;188;169mK[38;2;252;222;198mN[38;2;245;141;131mk[38;2;241;90;88mo[38;2;239;60;63mc[38;2;238;48;52m:[38;2;237;36;43m;[38;2;237;36;43m;[38;2;240;74;74ml[38;2;243;117;110md[38;2;244;127;119mx[38;2;240;74;74ml[38;2;242;96;93mo[38;2;238;39;45m:[38;2;237;28;36m;;[38;2;81;19;18m.[38;2;96;96;96m           [0m
[0m[38;2;96;96;96m           [38;2;91;91;91m [38;2;172;22;27m'[38;2;237;28;36m;[38;2;237;28;36m;[38;2;241;86;84ml[38;2;244;131;121mx[38;2;251;211;188mX[38;2;249;189;170mK[38;2;246;152;139mk[38;2;238;41;47m:[38;2;238;37;44m;[38;2;237;28;36m;[38;2;237;28;36m;[38;2;238;46;51m:[38;2;241;77;77ml[38;2;238;46;51m:[38;2;237;28;36m;[38;2;243;113;107md[38;2;240;77;77ml[38;2;237;28;36m;[38;2;177;22;28m'[38;2;91;91;91m [38;2;96;96;96m           [0m
[0m[38;2;96;96;96m            [38;2;89;89;89m [38;2;213;25;32m,[38;2;237;28;36m;;[38;2;237;32;39m;[38;2;245;140;130mk[38;2;247;157;143mO[38;2;251;210;188mX[38;2;242;101;97mo[38;2;247;165;150mO[38;2;244;129;120mx[38;2;238;52;56m:[38;2;237;29;37m;[38;2;237;28;36m;;[38;2;239;56;59mc[38;2;244;124;116mx[38;2;237;28;36m;[38;2;214;25;33m,[38;2;89;89;89m [38;2;96;96;96m            [0m
[0m[38;2;96;96;96m            [38;2;95;95;95m [38;2;89;89;89m [38;2;199;24;30m,[38;2;237;28;36m;[38;2;238;36;43m;[38;2;238;47;52m:[38;2;246;151;138mk[38;2;252;222;198mN[38;2;248;171;155m0[38;2;240;76;76ml[38;2;238;47;51m:[38;2;237;31;39m;[38;2;238;47;52m:[38;2;241;79;78ml[38;2;244;122;114mx[38;2;244;117;110md[38;2;238;48;53m:[38;2;176;22;27m'[38;2;90;90;90m [38;2;96;96;96m             [0m
[0m[38;2;96;96;96m              [38;2;91;91;91m [38;2;83;13;15m.[38;2;237;28;36m;[38;2;237;28;36m;[38;2;239;52;56m:[38;2;238;46;51m:[38;2;245;138;127mk[38;2;245;137;127mx[38;2;248;171;155m0[38;2;246;144;132mk[38;2;245;132;123mx[38;2;242;94;91mo[38;2;237;34;41m;[38;2;237;28;36m;[38;2;87;14;15m.[38;2;91;91;91m [38;2;96;96;96m              [0m
[0m[38;2;96;96;96m               [38;2;94;94;94m [38;2;90;90;90m [38;2;103;15;17m.[38;2;237;28;36m;[38;2;237;28;36m;[38;2;237;28;36m;[38;2;237;28;36m;[38;2;237;36;43m;[38;2;237;28;36m;;[38;2;237;28;36m;[38;2;88;13;15m.[38;2;91;91;91m [38;2;94;94;94m [38;2;96;96;96m               [0m
[0m[38;2;96;96;96m                 [38;2;93;93;93m [38;2;91;91;91m [38;2;90;90;90m [38;2;80;11;13m.[38;2;237;28;36m;[38;2;237;28;36m;[38;2;82;11;13m.[38;2;90;90;90m [38;2;91;91;91m [38;2;93;93;93m [38;2;96;96;96m                 [0m
[0m[38;2;96;96;96m            [38;2;41;63;43m.[38;2;52;80;55m'[38;2;31;48;33m.[38;2;55;84;58m'[38;2;47;73;50m.[38;2;47;73;50m.[38;2;38;58;40m.[38;2;53;81;56m'[38;2;56;72;50m'[38;2;82;49;38m.[38;2;86;58;43m'[38;2;13;18;13m [38;2;7;11;7m [38;2;57;88;60m,[38;2;49;75;51m'[38;2;46;72;49m.[38;2;46;72;49m.[38;2;49;76;52m'[38;2;12;18;13m [38;2;51;78;53m'[38;2;48;73;50m.[38;2;23;36;24m.[38;2;96;96;96m          [0m
[0m[38;2;96;96;96m           [38;2;32;48;33m.[38;2;2;2;2m [38;2;2;2;2m [38;2;43;43;43m [38;2;1;2;1m [38;2;7;8;6m [38;2;0;0;0m [38;2;4;5;4m [38;2;52;52;52m [38;2;15;22;15m [38;2;0;0;0m [38;2;1;1;1m [38;2;72;72;72m [38;2;9;12;8m [38;2;0;0;0m [38;2;11;15;11m [38;2;42;62;43m.[38;2;26;39;27m.[38;2;77;77;77m [38;2;33;49;34m.[38;2;13;18;13m [38;2;12;15;11m [38;2;86;86;86m [38;2;96;96;96m          [0m
[0m[38;2;96;96;96m          [38;2;23;36;25m.[38;2;6;8;6m [38;2;0;0;0m [38;2;2;2;2m [38;2;96;96;96m [38;2;31;46;32m.[38;2;0;0;0m [38;2;5;7;5m [38;2;88;88;88m [38;2;14;22;15m [38;2;13;18;12m [38;2;0;0;0m [38;2;8;11;8m [38;2;59;92;63m'[38;2;34;52;35m.[38;2;26;39;27m.[38;2;10;13;9m [38;2;0;0;0m [38;2;5;6;4m [38;2;27;40;27m.[38;2;2;2;2m [38;2;1;1;1m [38;2;65;65;65m [38;2;96;96;96m           [0m
[0m[38;2;96;96;96m          [38;2;70;70;70m [38;2;54;54;54m [38;2;57;57;57m [38;2;95;95;95m [38;2;93;93;93m [38;2;56;56;56m [38;2;54;54;54m [38;2;76;76;76m [38;2;96;96;96m [38;2;78;78;78m [38;2;54;54;54m [38;2;57;57;57m [38;2;81;81;81m [38;2;56;56;56m [38;2;55;55;55m [38;2;55;55;55m [38;2;56;56;56m [38;2;67;67;67m [38;2;89;89;89m [38;2;67;67;67m [38;2;54;54;54m [38;2;63;63;63m [38;2;96;96;96m            [0m
[0m[38;2;96;96;96m                                            [0m
