[0m[38;2;0;0;0m                                            [0m
[0m[38;2;0;0;0m                                            [0m
[0m[38;2;0;0;0m                    [38;2;1;1;1m [38;2;30;82;83m'[38;2;2;2;2m [38;2;0;0;0m                     [0m
[0m[38;2;0;0;0m                    [38;2;34;93;94m'[38;2;66;192;194md[38;2;41;113;114m;[38;2;0;0;0m [38;2;0;0;0m                    [0m
[0m[38;2;0;0;0m                   [38;2;20;55;56m.[38;2;66;192;194md[38;2;66;192;194mdd[38;2;39;106;107m,[38;2;6;13;13m [38;2;0;0;0m                   [0m
[0m[38;2;0;0;0m                  [38;2;12;33;33m [38;2;65;187;189md[38;2;66;192;194mdddd[38;2;27;72;73m.[38;2;0;0;0m                   [0m
[0m[38;2;0;0;0m          [38;2;2;2;2m [38;2;15;40;40m.[38;2;29;78;78m.[38;2;14;36;36m.[38;2;8;19;19m [38;2;0;0;0m [38;2;0;0;0m [38;2;9;24;25m [38;2;63;181;183md[38;2;66;192;194mddddd[38;2;65;189;191md[38;2;20;53;54m.[38;2;0;0;0m       [38;2;1;1;1m [38;2;0;0;0m [38;2;0;0;0m         [0m
[0m[38;2;0;0;0m           [38;2;1;2;2m [38;2;45;151;136mc[38;2;43;147;130mc[38;2;47;155;141mc[38;2;52;160;152ml[38;2;48;139;139mc[38;2;34;93;94m,[38;2;8;22;22m [38;2;41;117;118m;[38;2;66;192;194mddddd[38;2;65;188;190md[38;2;31;86;87m'[38;2;29;81;82m'[38;2;42;120;121m;[38;2;46;134;132m:[38;2;39;123;114m;[38;2;36;116;104m;[38;2;43;130;125m:[38;2;68;68;68m [38;2;4;4;4m [38;2;0;0;0m         [0m
[0m[38;2;0;0;0m           [38;2;2;2;2m [38;2;49;145;140mc[38;2;41;143;123m:[38;2;46;153;139mc[38;2;58;178;174mo[38;2;64;188;188md[38;2;66;192;194md[38;2;60;172;174mo[38;2;48;136;138mc[38;2;58;162;163ml[38;2;66;188;190md[38;2;66;192;194mdddddd[38;2;64;189;190md[38;2;46;154;140mc[38;2;40;141;121m:[38;2;38;131;115m:[38;2;66;66;66m [38;2;0;0;0m           [0m
[0m[38;2;0;0;0m           [38;2;0;0;0m [38;2;13;36;36m [38;2;11;31;31m [38;2;65;190;191md[38;2;63;179;180mo[38;2;65;188;190md[38;2;66;192;194mdddddddddd[38;2;65;186;188md[38;2;64;182;183md[38;2;61;182;180md[38;2;17;52;49m.[38;2;82;82;82m [38;2;4;4;4m [38;2;0;0;0m           [0m
[0m[38;2;0;0;0m            [38;2;1;1;1m [38;2;19;49;50m.[38;2;66;192;194md[38;2;62;176;176mo[38;2;55;145;144mc[38;2;52;131;129m:[38;2;58;159;158ml[38;2;66;192;194md[38;2;66;191;193md[38;2;66;191;193md[38;2;65;189;190md[38;2;66;192;194md[38;2;66;192;194md[38;2;55;146;145mc[38;2;52;133;131m:[38;2;55;145;144mc[38;2;63;179;180mo[38;2;46;127;128m:[38;2;3;3;3m [38;2;0;0;0m             [0m
[0m[38;2;0;0;0m            [38;2;21;57;57m.[38;2;65;187;189md[38;2;66;192;194md[38;2;60;164;164ml[38;2;55;143;141mc[38;2;69;156;157ml[38;2;92;192;195mx[38;2;108;203;208mk[38;2;64;123;121m:[38;2;52;119;116m;[38;2;52;115;112m;[38;2;80;153;154ml[38;2;97;200;204mk[38;2;81;188;190md[38;2;58;151;151ml[38;2;55;143;142mc[38;2;64;169;171mo[38;2;67;192;194md[38;2;38;97;98m,[38;2;0;0;0m [38;2;0;0;0m            [0m
[0m[38;2;0;0;0m           [38;2;29;80;81m'[38;2;66;190;192md[38;2;74;189;193md[38;2;106;179;191mx[38;2;114;182;194mx[38;2;143;187;201mk[38;2;142;197;208mO[38;2;127;208;214mO[38;2;20;32;33m [38;2;30;30;30m [38;2;10;10;10m [38;2;22;22;22m [38;2;88;88;88m [38;2;92;150;154ml[38;2;127;208;214mO[38;2;144;192;205mk[38;2;130;184;198mk[38;2;109;178;191mx[38;2;105;180;191mx[38;2;72;190;194md[38;2;41;113;115m;[38;2;5;14;13m [38;2;7;20;18m [38;2;8;25;21m [38;2;7;25;21m [38;2;7;25;22m [38;2;6;20;17m [38;2;2;6;5m [38;2;0;0;0m     [0m
[0m[38;2;0;0;0m       [38;2;2;5;5m [38;2;11;36;31m [38;2;19;65;56m.[38;2;43;127;125m:[38;2;66;192;194md[38;2;66;192;194md[38;2;66;192;194md[38;2;97;200;204mk[38;2;125;207;213mO[38;2;127;208;214mO[38;2;127;208;214mO[38;2;12;19;19m [38;2;13;13;13m [38;2;0;0;0m [38;2;1;1;1m [38;2;5;16;14m [38;2;10;31;27m [38;2;59;118;114m:[38;2;127;208;214mO[38;2;127;208;214mO[38;2;127;208;214mO[38;2;116;205;210mk[38;2;67;192;194md[38;2;66;192;194mdd[38;2;55;167;162ml[38;2;5;18;16m [38;2;45;45;45m [38;2;42;42;42m [38;2;43;43;43m [38;2;49;49;49m [38;2;60;60;60m [38;2;29;96;83m'[38;2;25;82;71m.[38;2;0;0;0m [38;2;0;0;0m  [0m
[0m[38;2;0;0;0m    [38;2;1;3;3m [38;2;18;60;52m.[38;2;9;28;25m [38;2;65;65;65m [38;2;4;13;11m [38;2;51;146;145mc[38;2;66;192;194mddd[38;2;70;193;195md[38;2;121;206;212mO[38;2;117;201;204mk[38;2;105;191;191mx[38;2;92;181;177md[38;2;22;66;58m.[38;2;65;65;65m [38;2;65;65;65m [38;2;64;64;64m [38;2;54;54;54m [38;2;41;41;41m [38;2;28;28;28m [38;2;69;113;116m:[38;2;127;208;214mOOO[38;2;86;197;201mx[38;2;64;179;181md[38;2;55;155;156ml[38;2;51;144;145mc[38;2;48;135;136m:[38;2;14;40;38m.[38;2;14;45;39m.[38;2;19;63;54m.[38;2;13;43;37m.[38;2;70;70;70m [38;2;59;59;59m [38;2;24;24;24m [38;2;0;0;0m   [0m
[0m[38;2;0;0;0m    [38;2;34;116;100m,[38;2;26;82;71m'[38;2;6;19;16m [38;2;9;28;24m [38;2;44;129;125m:[38;2;57;174;168mo[38;2;54;169;161mo[38;2;52;164;154ml[38;2;51;163;153ml[38;2;62;166;156mo[38;2;78;170;162mo[38;2;86;177;170md[38;2;98;186;183mx[38;2;110;194;195mk[38;2;1;1;1m [38;2;0;0;0m    [38;2;4;13;11m [38;2;11;38;33m.[38;2;66;137;132mc[38;2;81;173;165mo[38;2;78;171;163mo[38;2;78;171;163mo[38;2;71;169;161mo[38;2;52;164;154ml[38;2;52;164;154ml[38;2;52;165;155ml[38;2;55;168;161ml[38;2;35;104;98m,[38;2;2;6;5m [38;2;18;18;18m [38;2;4;4;4m [38;2;0;0;0m      [0m
[0m[38;2;0;0;0m    [38;2;24;24;24m [38;2;48;48;48m [38;2;15;47;42m.[38;2;55;171;164mo[38;2;58;176;171mo[38;2;60;181;178mo[38;2;63;186;185md[38;2;51;148;150mc[38;2;131;131;131m [38;2;113;113;113m [38;2;91;91;91m [38;2;64;64;64m [38;2;40;40;40m [38;2;18;18;18m [38;2;0;0;0m [38;2;2;2;2m [38;2;14;46;40m.[38;2;16;55;47m.[38;2;70;70;70m [38;2;59;59;59m [38;2;39;39;39m [38;2;22;22;22m [38;2;33;33;33m [38;2;62;62;62m [38;2;91;91;91m [38;2;117;117;117m [38;2;131;131;131m [38;2;51;148;150mc[38;2;66;192;194mddd[38;2;56;160;162ml[38;2;7;19;19m [38;2;0;0;0m       [0m
[0m[38;2;0;0;0m     [38;2;10;26;27m [38;2;60;174;175mo[38;2;33;94;95m,[38;2;117;117;117m [38;2;80;80;80m [38;2;45;45;45m [38;2;12;12;12m [38;2;0;0;0m      [38;2;8;25;22m [38;2;20;67;58m.[38;2;50;50;50m [38;2;8;8;8m [38;2;0;0;0m         [38;2;11;11;11m [38;2;44;44;44m [38;2;78;78;78m [38;2;115;115;115m [38;2;33;96;97m,[38;2;62;179;181mo[38;2;13;35;36m [38;2;0;0;0m      [0m
[0m[38;2;0;0;0m   [38;2;5;5;5m [38;2;5;12;12m [38;2;3;8;8m [38;2;42;42;42m [38;2;6;6;6m [38;2;0;0;0m          [38;2;38;38;38m [38;2;17;17;17m [38;2;0;0;0m               [38;2;6;6;6m [38;2;41;41;41m [38;2;76;76;76m [38;2;44;44;44m [38;2;0;0;0m [38;2;0;0;0m    [0m
[0m[38;2;0;0;0m    [38;2;7;7;7m [38;2;0;0;0m [38;2;0;0;0m                                      [0m
[0m[38;2;0;0;0m                                            [0m
[0m[38;2;0;0;0m                                            [0m
