[0m[38;2;255;255;255m        [38;2;58;58;58m.[38;2;170;170;170mk[38;2;104;104;104m:[38;2;95;51;51m'[38;2;221;15;15m,[38;2;228;3;3m'[38;2;228;3;3m''[38;2;231;28;28m;[38;2;235;68;68mc[38;2;241;125;125mx[38;2;218;177;177m0[38;2;255;255;255m        [38;2;139;125;125ml[38;2;244;152;152mk[38;2;237;91;91mo[38;2;233;53;53m:[38;2;230;24;24m,[38;2;229;9;9m'[38;2;230;18;18m,[38;2;231;35;35m;[38;2;235;70;70mc[38;2;241;121;121md[38;2;247;184;184m0[38;2;32;31;31m.[38;2;255;255;255m        [0m
[0m[38;2;255;255;255m     [38;2;167;163;160mx[38;2;184;166;150mk[38;2;126;104;84m:[38;2;30;24;19m [38;2;0;0;0m   [38;2;33;0;0m [38;2;135;2;2m.[38;2;220;3;3m'[38;2;228;3;3m'[38;2;228;3;3m'[38;2;228;3;3m'[38;2;228;3;3m'[38;2;228;3;3m'[38;2;231;34;34m;[38;2;238;95;95mo[38;2;246;167;167mO[38;2;95;91;91m;[38;2;53;52;52m.[38;2;247;184;184m0[38;2;240;111;111md[38;2;233;48;48m:[38;2;228;7;7m'[38;2;228;3;3m'[38;2;228;3;3m'[38;2;228;3;3m'[38;2;228;3;3m''[38;2;228;3;3m'[38;2;228;3;3m'[38;2;228;3;3m'[38;2;228;3;3m''[38;2;230;23;23m,[38;2;236;78;78ml[38;2;243;145;145mk[38;2;173;155;155mx[38;2;255;255;255m     [0m
[0m[38;2;255;255;255m   [38;2;180;198;203m0[38;2;150;175;171mx[38;2;99;64;31m'[38;2;97;57;21m'[38;2;97;57;21m'[38;2;95;56;21m.[38;2;61;36;13m.[38;2;19;11;4m [38;2;0;0;0m   [38;2;25;0;0m [38;2;120;2;2m.[38;2;212;3;3m'[38;2;228;3;3m'[38;2;228;3;3m'[38;2;228;3;3m''[38;2;228;3;3m'[38;2;228;3;3m'[38;2;230;21;21m,[38;2;231;30;30m;[38;2;228;3;3m'[38;2;228;3;3m'[38;2;228;3;3m''[38;2;228;3;3m'[38;2;228;3;3m'[38;2;228;3;3m'[38;2;228;3;3m''[38;2;228;3;3m'[38;2;228;3;3m'[38;2;228;3;3m'[38;2;228;3;3m''[38;2;228;3;3m'[38;2;228;3;3m'[38;2;228;3;3m'[38;2;228;6;6m'[38;2;236;78;78ml[38;2;205;161;161mk[38;2;255;255;255m   [0m
[0m[38;2;255;255;255m [38;2;58;59;59m.[38;2;172;231;245mX[38;2;117;215;238mO[38;2;116;215;238mO[38;2;114;198;214mk[38;2;106;130;121mc[38;2;98;66;33m'[38;2;97;57;21m'[38;2;97;57;21m'[38;2;97;57;21m'[38;2;68;40;15m.[38;2;23;14;5m [38;2;0;0;0m [38;2;0;0;0m  [38;2;17;0;0m [38;2;110;1;1m.[38;2;207;6;3m'[38;2;230;12;3m,,[38;2;230;12;3m,[38;2;230;12;3m,[38;2;230;12;3m,[38;2;230;12;3m,,[38;2;230;12;3m,[38;2;230;12;3m,,[38;2;230;12;3m,[38;2;230;12;3m,[38;2;230;12;3m,[38;2;230;12;3m,,[38;2;230;12;3m,[38;2;230;12;3m,[38;2;230;12;3m,[38;2;230;12;3m,,[38;2;230;12;3m,[38;2;230;12;3m,[38;2;230;12;3m,[38;2;230;12;3m,,[38;2;230;13;4m,[38;2;240;109;100md[38;2;69;67;66m'[38;2;255;255;255m [0m
[0m[38;2;37;36;36m.[38;2;254;196;215mX[38;2;212;187;212m0[38;2;147;204;228mO[38;2;116;215;238mOO[38;2;116;215;238mO[38;2;115;203;222mk[38;2;107;137;131ml[38;2;98;70;38m'[38;2;97;57;21m'[38;2;97;57;21m'[38;2;97;57;21m'[38;2;72;42;16m.[38;2;28;16;6m [38;2;0;0;0m [38;2;0;0;0m  [38;2;13;7;0m [38;2;112;62;0m'[38;2;220;121;0mo[38;2;255;140;0mxxxxxxxxxxxxxxxxxxxxxxxxx[38;2;255;166;57mO[38;2;54;53;52m.[0m
[0m[38;2;184;156;164mx[38;2;255;175;200m00[38;2;255;175;200m0[38;2;216;186;211m0[38;2;153;204;228m0[38;2;115;214;236mO[38;2;116;215;238mO[38;2;116;215;238mO[38;2;115;206;226mO[38;2;107;144;140ml[38;2;99;74;44m,[38;2;97;57;21m'[38;2;97;57;21m'[38;2;97;57;21m'[38;2;77;45;17m.[38;2;31;18;7m [38;2;1;0;0m [38;2;0;0;0m  [38;2;6;3;0m [38;2;100;55;0m.[38;2;218;120;0mo[38;2;255;140;0mxxxxxxxxxxxxxxxxxxxxxxxx[38;2;204;150;85mx[0m
[0m[38;2;255;249;251mM[38;2;255;216;228mN[38;2;254;181;204mK[38;2;255;175;200m000[38;2;221;185;209m0[38;2;157;203;227m0[38;2;116;213;236mO[38;2;116;215;238mOO[38;2;115;208;229mO[38;2;108;149;147mo[38;2;99;78;51m,[38;2;97;57;21m''[38;2;97;57;21m'[38;2;78;46;17m.[38;2;34;20;7m [38;2;1;1;0m [38;2;0;0;0m  [38;2;5;3;0m [38;2;95;52;0m.[38;2;210;116;0ml[38;2;255;140;0mxxxxxxxxxxxxxxxxxxxxxx[38;2;255;144;8mx[0m
[0m[38;2;242;242;242mW[38;2;255;255;255mM[38;2;255;251;252mM[38;2;255;220;231mN[38;2;253;184;205mK[38;2;255;175;200m000[38;2;226;183;208m0[38;2;162;202;225m0[38;2;117;213;236mO[38;2;116;215;238mO[38;2;116;215;238mO[38;2;115;211;232mO[38;2;109;155;156mo[38;2;100;87;62m;[38;2;97;57;21m'[38;2;97;57;21m'[38;2;97;57;21m'[38;2;82;48;18m.[38;2;40;24;9m [38;2;4;2;1m [38;2;0;0;0m  [38;2;2;1;0m [38;2;79;44;0m.[38;2;195;135;0mo[38;2;255;191;0mOOOOOOOOOOOOOOOOOOOOO[0m
[0m[38;2;148;148;148md[38;2;255;255;255mMMM[38;2;255;253;254mM[38;2;255;226;235mN[38;2;253;188;209mK[38;2;255;175;200m000[38;2;233;181;206m0[38;2;171;199;223m0[38;2;119;212;235mO[38;2;116;215;238mO[38;2;116;215;238mO[38;2;116;214;237mO[38;2;110;166;170md[38;2;102;95;73m;[38;2;96;57;21m'[38;2;97;57;21m''[38;2;86;51;19m.[38;2;45;26;10m.[38;2;6;3;1m [38;2;0;0;0m  [38;2;1;1;0m [38;2;68;63;0m.[38;2;179;166;0md[38;2;252;235;0mK[38;2;255;237;0mXXXXXXXXXXXXXXXXX[38;2;179;167;13md[0m
[0m[38;2;255;255;255m [38;2;223;223;223mX[38;2;255;255;255mMMMM[38;2;255;254;254mM[38;2;255;230;238mW[38;2;253;192;211mK[38;2;255;175;200m000[38;2;238;180;205m0[38;2;177;198;221m0[38;2;121;212;235mO[38;2;116;215;238mO[38;2;116;215;238mO[38;2;116;215;238mO[38;2;111;174;182md[38;2;102;102;83m:[38;2;96;57;22m'[38;2;97;57;21m'[38;2;97;57;21m'[38;2;89;52;19m.[38;2;49;29;11m.[38;2;9;5;2m [38;2;0;0;0m   [38;2;51;48;0m.[38;2;169;157;0mo[38;2;251;233;0mK[38;2;255;237;0mXXXXXXXXXXXXXX[38;2;254;236;0mX[38;2;2;2;1m [0m
[0m[38;2;255;255;255m  [38;2;228;228;228mN[38;2;255;255;255mMMMMM[38;2;255;255;255mM[38;2;255;233;240mW[38;2;255;196;215mX[38;2;255;175;200m000[38;2;242;179;204m0[38;2;183;196;220m0[38;2;124;211;234mO[38;2;116;215;238mO[38;2;116;215;238mO[38;2;116;215;238mO[38;2;112;183;194mx[38;2;103;108;91m:[38;2;97;57;22m'[38;2;97;57;21m'[38;2;97;57;21m'[38;2;93;54;20m.[38;2;53;31;11m.[38;2;9;5;2m [38;2;0;0;0m   [38;2;46;43;0m.[38;2;166;154;0mo[38;2;243;229;1mK[38;2;246;233;1mKKKKKKKKKKKK[38;2;13;13;5m [38;2;255;255;255m [0m
[0m[38;2;255;255;255m   [38;2;78;78;78m,[38;2;255;255;255mMMMM[38;2;254;253;253mM[38;2;255;228;236mN[38;2;255;194;213mK[38;2;255;175;200m000[38;2;233;180;204m0[38;2;175;198;222m0[38;2;122;213;236mO[38;2;116;215;238mO[38;2;116;215;238mO[38;2;115;213;236mO[38;2;111;173;180md[38;2;102;102;83m:[38;2;97;57;22m'[38;2;97;57;21m'[38;2;97;57;21m'[38;2;88;52;19m.[38;2;48;28;10m.[38;2;7;4;2m [38;2;0;0;0m   [38;2;0;29;9m [38;2;0;88;26m.[38;2;2;128;37m,[38;2;3;129;38m,,,,,,,,,,[38;2;10;67;25m.[38;2;182;182;182m [38;2;254;254;254m [38;2;255;255;255m [0m
[0m[38;2;255;255;255m     [38;2;48;48;48m.[38;2;254;252;253mM[38;2;255;224;234mN[38;2;255;188;209mK[38;2;255;175;200m000[38;2;228;181;206m0[38;2;166;201;224m0[38;2;118;214;237mO[38;2;116;215;238mO[38;2;116;215;238mO[38;2;115;212;234mO[38;2;110;162;166md[38;2;101;90;67m;[38;2;97;57;21m'[38;2;97;57;21m'[38;2;97;57;21m'[38;2;84;49;18m.[38;2;41;24;9m [38;2;5;3;1m [38;2;0;0;0m  [38;2;0;0;0m [38;2;0;35;10m [38;2;0;94;28m.[38;2;0;128;38m,[38;2;0;128;38m,,,,,,,,,,[38;2;6;53;20m.[38;2;161;161;161m [38;2;240;240;240m [38;2;255;255;255m   [0m
[0m[38;2;255;255;255m      [38;2;240;240;240m [38;2;29;21;24m [38;2;255;175;200m00[38;2;225;183;207m0[38;2;161;202;226m0[38;2;117;215;238mO[38;2;116;215;238mO[38;2;116;215;238mO[38;2;115;210;232mO[38;2;109;155;156mo[38;2;100;84;58m,[38;2;97;57;21m'[38;2;97;57;21m''[38;2;80;47;17m.[38;2;37;22;8m [38;2;3;2;1m [38;2;0;0;0m  [38;2;0;2;1m [38;2;0;44;13m [38;2;0;99;29m.[38;2;0;128;38m,,,,,,,,,,,[38;2;7;44;18m.[38;2;171;171;171m [38;2;244;244;244m [38;2;255;255;255m     [0m
[0m[38;2;255;255;255m       [38;2;254;254;254m [38;2;236;236;236m [38;2;7;8;9m [38;2;116;215;238mO[38;2;116;215;238mO[38;2;116;215;238mO[38;2;114;204;224mO[38;2;107;143;139ml[38;2;99;77;49m,[38;2;97;57;21m'[38;2;97;57;21m'[38;2;97;57;21m'[38;2;75;44;16m.[38;2;33;19;7m [38;2;2;1;0m [38;2;0;0;0m  [38;2;0;2;8m [38;2;0;30;97m [38;2;0;80;146m.[38;2;0;101;153m,,,,,,,,,,,[38;2;7;26;32m [38;2;178;178;178m [38;2;247;247;247m [38;2;255;255;255m       [0m
[0m[38;2;255;255;255m         [38;2;255;255;255m [38;2;236;236;236m [38;2;201;201;201m [38;2;100;128;122mc[38;2;99;70;39m'[38;2;97;57;21m''[38;2;96;56;21m'[38;2;71;42;15m.[38;2;27;16;6m [38;2;0;0;0m [38;2;0;0;0m  [38;2;0;4;13m [38;2;0;35;114m.[38;2;0;68;226m'[38;2;0;77;255m'''''''''''[38;2;6;14;32m [38;2;188;188;188m [38;2;250;250;250m [38;2;255;255;255m         [0m
[0m[38;2;255;255;255m            [38;2;207;207;207m [38;2;117;117;117m [38;2;92;54;20m'[38;2;70;41;15m.[38;2;24;14;5m [38;2;0;0;0m   [38;2;0;4;13m [38;2;0;36;120m.[38;2;0;70;233m'[38;2;0;77;255m'''''''''''[38;2;7;16;38m [38;2;193;193;193m [38;2;253;253;253m [38;2;255;255;255m           [0m
[0m[38;2;255;255;255m              [38;2;202;202;202m [38;2;72;72;72m [38;2;1;1;1m [38;2;0;0;0m [38;2;3;5;20m [38;2;5;37;126m.[38;2;5;68;229m'[38;2;5;74;250m'[38;2;5;74;250m'[38;2;5;74;250m'[38;2;5;74;250m''[38;2;5;74;250m'[38;2;5;74;250m''[38;2;5;74;250m'[38;2;5;74;250m'[38;2;5;73;246m'[38;2;0;1;2m [38;2;196;196;196m [38;2;253;253;253m [38;2;255;255;255m             [0m
[0m[38;2;255;255;255m                [38;2;200;200;200m [38;2;97;97;97m [38;2;83;7;96m.[38;2;117;7;135m..[38;2;117;7;135m.[38;2;117;7;135m.[38;2;117;7;135m.[38;2;117;7;135m..[38;2;117;7;135m.[38;2;117;7;135m..[38;2;105;6;121m.[38;2;102;102;102m [38;2;194;194;194m [38;2;254;254;254m [38;2;255;255;255m               [0m
[0m[38;2;255;255;255m                  [38;2;219;219;219m [38;2;129;129;129m [38;2;74;8;85m.[38;2;117;7;135m.[38;2;117;7;135m.[38;2;117;7;135m.[38;2;117;7;135m..[38;2;117;7;135m.[38;2;96;7;110m.[38;2;111;111;111m [38;2;203;203;203m [38;2;255;255;255m                  [0m
[0m[38;2;255;255;255m                    [38;2;231;231;231m [38;2;142;142;142m [38;2;66;10;75m.[38;2;117;7;135m.[38;2;117;7;135m.[38;2;88;8;101m.[38;2;124;124;124m [38;2;216;216;216m [38;2;255;255;255m                    [0m
[0m[38;2;255;255;255m                      [38;2;217;217;217m [38;2;7;2;7m [38;2;10;2;11m [38;2;189;189;189m [38;2;255;255;255m                      [0m
