[0m[38;2;255;255;255m                                            [0m
[0m[38;2;255;255;255m                                            [0m
[0m[38;2;255;255;255m                                            [0m
[0m[38;2;255;255;255m                                            [0m
[0m[38;2;255;255;255m                                            [0m
[0m[38;2;255;255;255m                     [38;2;164;158;154md[38;2;195;183;174mO[38;2;201;191;184m0[38;2;202;192;185m0[38;2;204;194;186m0[38;2;205;195;188m0[38;2;206;196;189m0[38;2;207;197;190m0[38;2;208;199;192m0[38;2;210;200;193m0[38;2;211;201;194mK[38;2;212;202;195mK[38;2;213;204;197mK[38;2;216;207;201mK[38;2;221;214;208mX[38;2;227;220;215mX[38;2;232;226;222mN[38;2;239;236;233mN[38;2;8;8;8m [38;2;255;255;255m    [0m
[0m[38;2;255;255;255m             [38;2;52;52;52m.[38;2;184;168;156mk[38;2;174;158;142mx[38;2;182;165;152mk[38;2;186;184;182mO[38;2;248;247;246mW[38;2;241;238;235mW[38;2;174;155;141mx[38;2;160;141;122mo[38;2;155;134;115mo[38;2;130;118;99mc[38;2;170;173;165mk[38;2;170;180;170mk[38;2;169;185;173mk[38;2;168;183;172mk[38;2;166;182;171mk[38;2;165;181;169mk[38;2;163;179;168mk[38;2;162;178;166mk[38;2;161;177;165mk[38;2;164;177;165mk[38;2;163;173;161mk[38;2;162;168;155mx[38;2;160;162;150mx[38;2;169;157;145mx[38;2;187;177;168mk[38;2;78;72;68m'[38;2;255;255;255m    [0m
[0m[38;2;255;255;255m     [38;2;12;12;12m [38;2;229;223;219mX[38;2;199;187;178mO[38;2;175;162;153mx[38;2;161;146;137md[38;2;179;164;150mx[38;2;179;164;149mx[38;2;178;163;148mx[38;2;166;147;130md[38;2;175;160;144mx[38;2;182;169;153mk[38;2;181;168;152mk[38;2;148;129;113ml[38;2;149;130;114mo[38;2;152;134;119mo[38;2;168;153;138md[38;2;182;169;153mk[38;2;178;164;148mx[38;2;168;151;133md[38;2;165;128;116mo[38;2;210;186;182m0[38;2;220;211;205mK[38;2;255;255;255mM[38;2;255;255;255mM[38;2;255;255;255mM[38;2;255;255;255mM[38;2;255;255;255mM[38;2;253;254;254mM[38;2;249;253;252mM[38;2;244;248;248mW[38;2;234;207;214mX[38;2;230;207;214mX[38;2;151;129;114mo[38;2;193;185;178mO[38;2;53;50;48m.[38;2;255;255;255m    [0m
[0m[38;2;255;255;255m   [38;2;8;8;8m [38;2;203;191;182m0[38;2;134;115;102mc[38;2;118;101;92m:[38;2;174;161;146mx[38;2;159;145;133md[38;2;164;151;137md[38;2;182;169;153mk[38;2;178;163;147mx[38;2;140;115;93mc[38;2;138;112;90mc[38;2;150;128;107ml[38;2;182;169;153mk[38;2;158;138;119mo[38;2;160;140;121mo[38;2;178;164;147mx[38;2;144;120;99ml[38;2;170;154;136mx[38;2;172;156;138mx[38;2;149;126;105ml[38;2;182;169;153mk[38;2;165;147;129md[38;2;159;133;117mo[38;2;213;199;193m0[38;2;249;237;240mW[38;2;252;241;244mW[38;2;250;228;233mN[38;2;252;241;244mW[38;2;252;242;244mW[38;2;252;242;244mW[38;2;253;242;245mW[38;2;251;236;240mW[38;2;247;205;215mX[38;2;236;194;202mK[38;2;160;142;128md[38;2;176;162;151mx[38;2;26;26;25m [38;2;255;255;255m    [0m
[0m[38;2;255;255;255m  [38;2;4;4;4m [38;2;173;154;140mx[38;2;169;153;135md[38;2;179;166;151mk[38;2;181;168;152mk[38;2;182;169;153mkkkk[38;2;182;169;153mk[38;2;180;166;150mk[38;2;182;169;153mk[38;2;182;169;153mk[38;2;182;169;153mkkkkkkkkkk[38;2;145;120;100ml[38;2;241;238;236mW[38;2;255;255;255mMM[38;2;251;233;237mW[38;2;255;255;255mM[38;2;255;255;255mMMM[38;2;253;242;245mW[38;2;247;205;215mX[38;2;211;171;172mO[38;2;181;168;158mk[38;2;154;135;122mo[38;2;244;244;244m [38;2;255;255;255m    [0m
[0m[38;2;255;255;255m  [38;2;90;86;83m;[38;2;156;136;116mo[38;2;182;169;153mkkkkkkkkkkkkkkkkkkkkk[38;2;172;156;138mx[38;2;187;172;160mk[38;2;255;255;255mMM[38;2;250;230;235mN[38;2;253;245;247mW[38;2;253;246;247mW[38;2;253;246;247mW[38;2;253;246;247mW[38;2;250;228;234mN[38;2;247;205;215mX[38;2;187;147;142mx[38;2;201;195;189m0[38;2;127;110;97mc[38;2;255;255;255m     [0m
[0m[38;2;255;255;255m  [38;2;70;64;60m'[38;2;172;156;139mx[38;2;182;169;153mkkkkkkkkkkkkkkkkkkkkk[38;2;176;162;145mx[38;2;149;125;108ml[38;2;200;190;182m0[38;2;202;192;185m0[38;2;203;184;178mO[38;2;207;197;189m0[38;2;209;199;192m0[38;2;211;202;195mK[38;2;214;205;198mK[38;2;219;193;192m0[38;2;225;184;189m0[38;2;161;123;112mo[38;2;217;215;213mX[38;2;108;94;84m;[38;2;255;255;255m     [0m
[0m[38;2;255;255;255m  [38;2;220;220;220m [38;2;133;114;96mc[38;2;182;169;153mk[38;2;182;169;153mkkkkkkkkkkkkk[38;2;179;166;149mx[38;2;162;143;125md[38;2;173;157;140mx[38;2;182;169;153mkkk[38;2;179;165;149mx[38;2;133;107;86mc[38;2;124;97;77m:[38;2;132;107;89mc[38;2;140;116;99mc[38;2;145;123;106ml[38;2;153;133;117mo[38;2;161;142;128md[38;2;169;153;141md[38;2;176;163;152mx[38;2;177;164;153mx[38;2;171;156;144mx[38;2;173;158;147mx[38;2;186;175;166mk[38;2;78;69;62m'[38;2;255;255;255m     [0m
[0m[38;2;255;255;255m   [38;2;185;185;185m [38;2;104;91;79m;[38;2;182;169;153mk[38;2;182;169;153mk[38;2;164;147;130md[38;2;167;150;132md[38;2;176;161;144mx[38;2;181;168;152mk[38;2;182;169;153mk[38;2;182;169;153mk[38;2;182;169;153mk[38;2;182;169;153mkk[38;2;182;169;153mk[38;2;181;168;152mk[38;2;169;152;134md[38;2;143;118;97ml[38;2;125;96;73m:[38;2;151;129;110mo[38;2;143;120;101ml[38;2;127;100;79m:[38;2;124;95;72m:[38;2;118;88;66m;[38;2;111;84;64m;[38;2;115;89;71m;[38;2;114;87;69m;[38;2;115;90;72m;[38;2;115;89;71m;[38;2;113;86;67m;[38;2;111;82;62m;[38;2;112;85;66m;[38;2;122;96;78m:[38;2;144;120;103ml[38;2;170;154;142mx[38;2;51;44;39m.[38;2;204;204;204m [38;2;255;255;255m     [0m
[0m[38;2;255;255;255m    [38;2;234;234;234m [38;2;182;182;182m [38;2;161;161;161m [38;2;111;111;111m [38;2;104;88;75m;[38;2;138;116;98mc[38;2;111;89;76m;[38;2;153;131;112mo[38;2;126;105;89m:[38;2;112;85;66m;[38;2;136;110;90mc[38;2;141;117;98ml[38;2;151;129;113mo[38;2;154;133;118mo[38;2;152;131;115mo[38;2;117;86;63m;[38;2;121;94;75m:[38;2;117;89;69m;[38;2;115;90;72m;[38;2;111;82;62m;[38;2;120;97;82m:[38;2;112;84;65m;[38;2;115;89;71m;[38;2;106;73;50m,[38;2;112;85;66m;[38;2;109;80;59m,[38;2;117;92;75m;[38;2;113;86;67m;[38;2;137;116;101mc[38;2;143;120;102ml[38;2;137;118;104ml[38;2;151;151;151m [38;2;198;198;198m [38;2;250;250;250m [38;2;255;255;255m      [0m
[0m[38;2;255;255;255m        [38;2;248;248;248m [38;2;233;233;233m [38;2;223;223;223m [38;2;218;218;218m [38;2;220;220;220m [38;2;236;236;236m [38;2;234;234;234m [38;2;216;216;216m [38;2;204;204;204m [38;2;200;200;200m [38;2;192;192;192m [38;2;174;174;174m [38;2;156;156;156m [38;2;146;146;146m [38;2;137;137;137m [38;2;63;52;44m.[38;2;138;113;95mc[38;2;140;116;99mc[38;2;150;129;113mo[38;2;181;168;158mk[38;2;180;168;158mk[38;2;180;167;157mk[38;2;166;149;137md[38;2;158;139;124mo[38;2;69;58;50m.[38;2;176;176;176m [38;2;222;222;222m [38;2;255;255;255m         [0m
[0m[38;2;255;255;255m                       [38;2;252;252;252m [38;2;236;236;236m [38;2;218;218;218m [38;2;204;204;204m [38;2;200;200;200m [38;2;194;194;194m [38;2;178;178;178m [38;2;175;175;175m [38;2;193;193;193m [38;2;245;245;245m [38;2;255;255;255m           [0m
[0m[38;2;255;255;255m                                            [0m
[0m[38;2;255;255;255m                                            [0m
[0m[38;2;255;255;255m                                            [0m
[0m[38;2;255;255;255m                                            [0m
[0m[38;2;255;255;255m                                            [0m
