[0m[38;2;0;0;0m        [38;2;4;4;4m [38;2;40;40;39m.[38;2;52;53;48m.[38;2;54;55;47m.[38;2;62;60;54m.[38;2;82;80;72m,[38;2;92;89;77m;[38;2;112;108;97m:[38;2;121;115;102mc[38;2;124;119;103mc[38;2;128;121;106mc[38;2;139;134;120mo[38;2;135;129;123ml[38;2;93;85;85m;[38;2;115;109;102m:[38;2;148;143;130mo[38;2;147;142;128mo[38;2;142;135;123mo[38;2;106;102;90m:[38;2;16;16;16m [38;2;0;0;0m                [0m
[0m[38;2;0;0;0m        [38;2;5;5;4m [38;2;49;50;42m.[38;2;59;60;50m.[38;2;62;64;48m.[38;2;92;92;76m;[38;2;80;79;61m,[38;2;108;106;90m:[38;2;131;125;114ml[38;2;143;136;124mo[38;2;156;150;135md[38;2;164;159;145mx[38;2;136;147;127mo[38;2;117;134;100ml[38;2;137;149;111mo[38;2;79;90;67m,[38;2;119;123;111mc[38;2;169;167;158mx[38;2;178;173;165mk[38;2;22;20;19m [38;2;0;0;0m                 [0m
[0m[38;2;0;0;0m        [38;2;1;1;1m [38;2;77;83;70m,[38;2;64;70;55m'[38;2;60;62;48m.[38;2;110;108;98m:[38;2;109;106;92m:[38;2;153;152;138md[38;2;166;163;149mx[38;2;171;167;153mx[38;2;175;169;156mk[38;2;172;167;153mx[38;2;138;134;131mo[38;2;104;106;93m:[38;2;101;105;84m:[38;2;90;92;77m;[38;2;100;102;95m:[38;2;143;143;136mo[38;2;184;181;177mO[38;2;13;12;12m [38;2;0;0;0m                 [0m
[0m[38;2;0;0;0m        [38;2;7;7;7m [38;2;101;110;93m:[38;2;129;137;112ml[38;2;94;97;84m;[38;2;154;157;148md[38;2;119;121;108mc[38;2;124;127;104ml[38;2;153;154;136md[38;2;178;176;161mk[38;2;184;179;166mk[38;2;182;177;166mk[38;2;162;160;149mx[38;2;147;146;135md[38;2;87;87;77m,[38;2;111;107;99m:[38;2;111;108;99m:[38;2;125;122;114ml[38;2;182;179;172mk[38;2;184;183;180mO[38;2;42;42;40m.[38;2;0;0;0m                [0m
[0m[38;2;0;0;0m       [38;2;2;2;2m [38;2;100;105;91m:[38;2;122;133;107ml[38;2;138;146;124mo[38;2;112;118;102mc[38;2;154;157;146md[38;2;162;164;152mx[38;2;157;160;142mx[38;2;152;153;129md[38;2;161;159;141mx[38;2;187;186;168mO[38;2;199;194;178m0[38;2;202;198;183m0[38;2;194;192;176mO[38;2;192;189;173mO[38;2;154;152;137md[38;2;153;151;136md[38;2;144;142;129mo[38;2;173;170;160mk[38;2;204;201;194m0[38;2;191;188;182mO[38;2;148;147;142md[38;2;84;84;82m,[38;2;42;42;41m.[38;2;13;13;12m [38;2;0;0;0m            [0m
[0m[38;2;0;0;0m      [38;2;2;2;2m [38;2;87;89;82m;[38;2;120;124;113ml[38;2;130;135;122ml[38;2;116;120;108mc[38;2;125;129;120ml[38;2;179;182;173mO[38;2;179;181;170mk[38;2;139;142;123mo[38;2;142;142;120mo[38;2;166;165;146mx[38;2;136;135;114ml[38;2;203;196;179m0[38;2;212;205;188mK[38;2;219;212;193mK[38;2;227;219;200mX[38;2;224;220;200mX[38;2;228;223;204mX[38;2;221;216;198mX[38;2;216;210;196mK[38;2;181;174;165mk[38;2;146;140;131mo[38;2;195;192;183m0[38;2;216;214;207mK[38;2;245;244;236mW[38;2;219;218;209mX[38;2;174;173;167mk[38;2;129;129;126ml[38;2;60;60;56m.[38;2;8;8;7m [38;2;0;0;0m        [0m
[0m[38;2;0;0;0m     [38;2;2;2;2m [38;2;99;100;92m:[38;2;143;145;133mo[38;2;124;126;112ml[38;2;116;119;105mc[38;2;136;137;126mo[38;2;202;203;194m0[38;2;140;142;133mo[38;2;110;112;99m:[38;2;131;135;115ml[38;2;139;140;120mo[38;2;123;122;100mc[38;2;127;124;104ml[38;2;212;203;186mK[38;2;220;210;194mK[38;2;226;217;199mX[38;2;230;218;199mX[38;2;229;221;203mX[38;2;235;228;210mN[38;2;239;232;215mN[38;2;196;190;174mO[38;2;194;188;178mO[38;2;193;188;180mO[38;2;169;164;157mx[38;2;197;193;188m0[38;2;198;196;187m0[38;2;198;196;181m0[38;2;220;218;203mX[38;2;244;243;230mW[38;2;247;246;237mW[38;2;208;207;200mK[38;2;101;100;95m:[38;2;5;5;5m [38;2;0;0;0m      [0m
[0m[38;2;0;0;0m     [38;2;72;73;68m'[38;2;121;123;114mc[38;2;118;121;106mc[38;2;125;127;115ml[38;2;145;147;135mo[38;2;201;203;189m0[38;2;100;102;85m:[38;2;92;95;74m;[38;2;114;117;96mc[38;2;126;129;106ml[38;2;94;94;72m;[38;2;110;109;88m:[38;2;183;181;163mO[38;2;210;200;184m0[38;2;216;207;190mK[38;2;222;212;196mK[38;2;214;203;186mK[38;2;213;203;188mK[38;2;214;205;190mK[38;2;185;179;162mk[38;2;213;211;199mK[38;2;196;197;184m0[38;2;192;191;181mO[38;2;185;182;175mO[38;2;152;148;143md[38;2;196;193;184m0[38;2;200;199;186m0[38;2;200;197;186m0[38;2;210;208;196mK[38;2;230;229;220mN[38;2;202;199;191m0[38;2;210;207;201mK[38;2;153;150;147md[38;2;65;64;63m'[38;2;0;0;0m     [0m
[0m[38;2;0;0;0m   [38;2;2;2;2m [38;2;73;73;70m'[38;2;120;120;116mc[38;2;113;114;108mc[38;2;108;110;100m:[38;2;136;138;129mo[38;2;172;174;164mk[38;2;54;58;42m.[38;2;69;73;50m'[38;2;98;101;81m;[38;2;105;108;89m:[38;2;83;87;63m,[38;2;104;104;84m:[38;2;171;170;154mk[38;2;188;186;170mO[38;2;199;193;178m0[38;2;183;176;161mk[38;2;165;158;143mx[38;2;161;154;140md[38;2;177;170;159mk[38;2;191;185;174mO[38;2;213;210;200mK[38;2;226;225;217mX[38;2;193;191;180mO[38;2;181;179;170mk[38;2;181;178;171mk[38;2;149;146;140md[38;2;183;181;173mO[38;2;190;188;178mO[38;2;203;200;192m0[38;2;211;208;200mK[38;2;228;225;219mX[38;2;223;220;213mX[38;2;204;200;194m0[38;2;185;182;176mO[38;2;192;190;185mO[38;2;127;125;122ml[38;2;4;4;3m [38;2;0;0;0m   [0m
[0m[38;2;0;0;0m   [38;2;76;77;74m,[38;2;136;137;132mo[38;2;109;109;103m:[38;2;106;107;99m:[38;2;126;127;120ml[38;2;176;177;169mk[38;2;62;63;58m.[38;2;28;32;10m [38;2;71;73;54m'[38;2;93;95;77m;[38;2;83;84;66m,[38;2;72;73;57m'[38;2;150;149;136md[38;2;170;166;155mx[38;2;158;153;140md[38;2;146;140;128mo[38;2;138;133;120ml[38;2;139;137;124mo[38;2;149;146;134md[38;2;157;154;143md[38;2;167;165;154mx[38;2;176;173;164mk[38;2;174;172;162mk[38;2;166;163;155mx[38;2;160;157;150mx[38;2;161;158;151mx[38;2;135;132;124ml[38;2;157;154;147md[38;2;172;170;163mk[38;2;181;178;171mk[38;2;196;194;187m0[38;2;210;207;200mK[38;2;222;220;213mX[38;2;206;204;197mK[38;2;188;185;178mO[38;2;173;170;164mk[38;2;185;182;179mO[38;2;136;134;132mo[38;2;0;0;0m   [0m
[0m[38;2;0;0;0m  [38;2;27;28;25m.[38;2;150;151;144md[38;2;109;110;101m:[38;2;108;109;100m:[38;2;107;108;102m:[38;2;170;171;163mk[38;2;111;112;105mc[38;2;21;24;7m [38;2;33;36;14m.[38;2;58;61;41m.[38;2;79;79;64m,[38;2;52;49;33m.[38;2;108;106;94m:[38;2;137;134;122mo[38;2;141;136;124mo[38;2;111;106;95m:[38;2;123;119;108mc[38;2;123;121;109mc[38;2;123;123;111ml[38;2;128;125;117ml[38;2;132;129;120ml[38;2;137;134;126mo[38;2;139;136;129mo[38;2;138;135;128mo[38;2;138;135;129mo[38;2;138;135;129mo[38;2;141;138;130mo[38;2;109;105;97m:[38;2;132;129;122ml[38;2;149;147;139md[38;2;156;153;146md[38;2;166;163;156mx[38;2;176;173;166mk[38;2;186;183;176mO[38;2;185;182;175mO[38;2;175;172;165mk[38;2;162;158;151mx[38;2;155;152;146md[38;2;182;179;173mk[38;2;18;18;17m [38;2;0;0;0m  [0m
[0m[38;2;0;0;0m [38;2;2;2;2m [38;2;164;166;156mx[38;2;111;112;105mc[38;2;111;112;107mc[38;2;97;97;93m;[38;2;159;160;156mx[38;2;146;147;142md[38;2;26;28;16m [38;2;36;39;9m.[38;2;42;45;20m.[38;2;55;59;38m.[38;2;69;68;52m'[38;2;64;62;48m.[38;2;105;103;91m:[38;2;117;115;103mc[38;2;79;76;64m,[38;2;85;82;71m,[38;2;91;88;79m;[38;2;93;89;81m;[38;2;95;91;84m;[38;2;104;99;93m:[38;2;101;98;92m;[38;2;100;96;91m;[38;2;100;96;93m;[38;2;100;96;92m;[38;2;100;96;92m;[38;2;100;96;90m;[38;2;88;85;75m,[38;2;96;92;84m;[38;2;110;107;99m:[38;2;118;115;107mc[38;2;125;122;115ml[38;2;132;129;122ml[38;2;139;136;128mo[38;2;144;141;134mo[38;2;144;141;134mo[38;2;141;138;131mo[38;2;134;131;124ml[38;2;130;127;119ml[38;2;143;141;133mo[38;2;53;53;51m.[38;2;0;0;0m  [0m
[0m[38;2;3;3;3m [38;2;110;111;105m:[38;2;123;124;116ml[38;2;100;100;96m:[38;2;83;84;79m,[38;2;132;133;129ml[38;2;144;145;141mo[38;2;65;66;61m'[38;2;37;40;23m.[38;2;46;49;23m.[38;2;56;60;34m.[38;2;64;67;45m.[38;2;77;76;57m'[38;2;60;59;47m.[38;2;108;106;91m:[38;2;111;107;94m:[38;2;51;44;35m.[38;2;72;65;57m'[38;2;67;60;55m.[38;2;65;61;54m.[38;2;63;62;56m.[38;2;67;66;60m'[38;2;68;64;59m'[38;2;69;64;60m'[38;2;70;66;59m'[38;2;70;67;57m'[38;2;75;71;60m'[38;2;67;64;53m.[38;2;78;75;65m'[38;2;92;89;80m;[38;2;97;94;85m;[38;2;102;99;92m:[38;2;105;102;95m:[38;2;112;108;101m:[38;2;117;113;106mc[38;2;121;117;110mc[38;2;121;118;110mc[38;2;121;118;110mc[38;2;118;116;108mc[38;2;117;115;107mc[38;2;143;140;133mo[38;2;23;23;22m [38;2;0;0;0m  [0m
[0m[38;2;56;57;46m.[38;2;144;146;136mo[38;2;81;82;73m,[38;2;82;83;77m,[38;2;108;109;104m:[38;2;122;122;120mc[38;2;119;119;117mc[38;2;26;27;19m [38;2;60;63;42m.[38;2;68;71;47m'[38;2;70;74;49m'[38;2;75;76;55m'[38;2;81;80;60m,[38;2;73;72;59m'[38;2;115;114;98mc[38;2;120;116;103mc[38;2;63;56;40m.[38;2;81;75;65m,[38;2;78;72;67m'[38;2;73;69;63m'[38;2;69;68;61m'[38;2;69;68;62m'[38;2;71;67;60m'[38;2;72;68;62m'[38;2;72;68;60m'[38;2;63;60;51m.[38;2;49;45;36m.[38;2;70;67;57m'[38;2;81;77;68m,[38;2;93;89;80m;[38;2;95;91;83m;[38;2;98;96;87m;[38;2;102;100;93m:[38;2;106;102;95m:[38;2;110;106;99m:[38;2;113;110;102mc[38;2;115;113;105mc[38;2;113;111;103mc[38;2;113;109;102m:[38;2;112;110;102m:[38;2;127;124;116ml[38;2;15;15;15m [38;2;0;0;0m  [0m
[0m[38;2;129;133;114ml[38;2;87;89;74m,[38;2;70;72;59m'[38;2;75;76;68m'[38;2;120;120;116mc[38;2;108;108;108m:[38;2;62;61;62m.[38;2;57;59;43m.[38;2;74;78;53m'[38;2;78;82;56m,[38;2;81;86;59m,[38;2;83;84;62m,[38;2;87;87;66m,[38;2;81;80;62m,[38;2;95;94;79m;[38;2;116;114;99mc[38;2;77;75;58m'[38;2;86;84;70m,[38;2;93;89;80m;[38;2;88;85;77m,[38;2;94;91;83m;[38;2;93;90;83m;[38;2;82;78;70m,[38;2;72;69;61m'[38;2;62;59;50m.[38;2;22;21;17m [38;2;37;36;26m.[38;2;67;65;53m'[38;2;82;78;69m,[38;2;96;93;84m;[38;2;103;100;93m:[38;2;108;105;98m:[38;2;114;111;104mc[38;2;116;113;105mc[38;2;117;114;107mc[38;2;115;112;104mc[38;2;113;110;102m:[38;2;109;106;99m:[38;2;105;102;92m:[38;2;116;114;101mc[38;2;30;30;27m.[38;2;12;12;12m [38;2;0;0;0m  [0m
[0m[38;2;94;97;78m;[38;2;59;61;43m.[38;2;46;48;34m.[38;2;80;82;73m,[38;2;94;95;91m;[38;2;113;113;110mc[38;2;25;25;22m [38;2;84;88;63m,[38;2;87;92;64m;[38;2;88;93;67m;[38;2;91;94;68m;[38;2;89;96;66m;[38;2;90;95;67m;[38;2;89;93;67m;[38;2;90;94;68m;[38;2;108;108;87m:[38;2;94;91;77m;[38;2;64;61;44m.[38;2;65;60;50m.[38;2;63;59;49m.[38;2;62;58;48m.[38;2;60;56;46m.[38;2;58;54;43m.[38;2;58;54;43m.[38;2;54;54;42m.[38;2;21;25;13m [38;2;41;45;28m.[38;2;43;45;29m.[38;2;53;52;40m.[38;2;76;72;62m'[38;2;84;81;72m,[38;2;100;97;88m;[38;2;111;107;99m:[38;2;114;111;103mc[38;2;124;122;114mc[38;2;118;115;107mc[38;2;107;103;93m:[38;2;100;100;89m:[38;2;120;122;105mc[38;2;66;67;62m'[38;2;14;14;14m [38;2;0;0;0m   [0m
[0m[38;2;40;43;17m.[38;2;17;21;4m [38;2;8;9;2m [38;2;79;80;73m,[38;2;81;81;80m,[38;2;91;91;90m;[38;2;28;28;23m [38;2;92;97;71m;[38;2;94;98;70m;[38;2;96;99;73m;[38;2;97;100;71m;[38;2;95;100;68m;[38;2;93;99;68m;[38;2;92;98;68m;[38;2;91;96;66m;[38;2;90;93;71m;[38;2;96;97;79m;[38;2;88;89;71m,[38;2;54;54;38m.[38;2;50;51;32m.[38;2;51;52;36m.[38;2;53;54;42m.[38;2;53;53;40m.[38;2;51;52;41m.[38;2;20;22;12m [38;2;28;31;18m [38;2;37;39;29m.[38;2;43;43;33m.[38;2;49;45;38m.[38;2;62;56;50m.[38;2;66;61;56m.[38;2;71;67;62m'[38;2;77;74;69m'[38;2;82;78;71m,[38;2;85;82;73m,[38;2;90;87;76m;[38;2;99;96;81m;[38;2;142;141;128mo[38;2;13;12;11m [38;2;3;3;3m [38;2;0;0;0m    [0m
[0m[38;2;7;12;0m [38;2;4;6;0m [38;2;3;4;1m [38;2;61;62;56m.[38;2;68;68;68m'[38;2;61;61;61m.[38;2;34;35;28m.[38;2;97;100;71m;[38;2;99;102;74m;[38;2;100;103;78m:[38;2;99;102;76m;[38;2;98;100;72m;[38;2;94;99;70m;[38;2;93;99;67m;[38;2;92;98;65m;[38;2;89;93;64m;[38;2;85;89;63m,[38;2;83;87;63m,[38;2;83;87;65m,[38;2;74;78;55m'[38;2;62;65;47m.[38;2;42;43;35m.[38;2;47;48;39m.[38;2;43;44;37m.[38;2;6;7;3m [38;2;29;29;20m [38;2;32;32;24m.[38;2;40;38;31m.[38;2;47;42;35m.[38;2;59;53;50m.[38;2;62;55;54m.[38;2;63;57;55m.[38;2;67;63;56m.[38;2;83;79;65m,[38;2;107;104;91m:[38;2;124;123;108ml[38;2;109;110;96m:[38;2;60;61;54m.[38;2;1;1;1m [38;2;0;0;0m     [0m
[0m[38;2;0;1;0m [38;2;0;1;0m [38;2;10;11;7m [38;2;33;35;24m.[38;2;48;48;47m.[38;2;47;47;46m.[38;2;91;94;76m;[38;2;90;94;64m;[38;2;93;97;69m;[38;2;95;98;74m;[38;2;93;97;72m;[38;2;92;96;71m;[38;2;90;94;69m;[38;2;90;94;66m;[38;2;88;93;64m;[38;2;84;89;59m,[38;2;79;84;55m,[38;2;77;81;52m,[38;2;74;78;49m'[38;2;72;76;44m'[38;2;64;67;47m'[38;2;41;42;38m.[38;2;40;42;33m.[38;2;17;18;14m [38;2;13;16;3m [38;2;22;25;10m [38;2;30;31;21m.[38;2;39;37;30m.[38;2;46;42;35m.[38;2;52;47;43m.[38;2;49;45;38m.[38;2;68;65;48m.[38;2;96;95;72m;[38;2;105;105;80m:[38;2;92;92;71m;[38;2;75;76;60m'[38;2;50;55;44m.[38;2;92;98;89m;[38;2;21;21;21m [38;2;0;0;0m     [0m
[0m[38;2;0;0;0m [38;2;44;44;44m.[38;2;35;37;31m.[38;2;54;58;44m.[38;2;34;37;18m.[38;2;37;39;29m.[38;2;160;162;150mx[38;2;76;80;56m,[38;2;79;82;58m,[38;2;81;84;63m,[38;2;80;83;62m,[38;2;80;84;62m,[38;2;80;82;62m,[38;2;79;83;58m,[38;2;78;82;58m,[38;2;75;79;54m'[38;2;71;75;49m'[38;2;69;73;47m'[38;2;68;71;47m'[38;2;65;70;41m'[38;2;43;47;13m.[38;2;33;34;18m.[38;2;19;20;14m [38;2;6;8;0m [38;2;13;19;0m [38;2;21;25;8m [38;2;27;28;18m [38;2;34;34;27m.[38;2;37;37;30m.[38;2;31;32;26m.[38;2;51;54;32m.[38;2;72;77;45m'[38;2;87;91;65m,[38;2;87;90;67m,[38;2;50;52;40m.[38;2;16;18;8m [38;2;52;55;44m.[38;2;77;79;72m,[38;2;87;87;85m;[38;2;0;0;0m [38;2;0;0;0m    [0m
[0m[38;2;25;26;24m [38;2;136;136;135mo[38;2;131;133;126ml[38;2;94;96;82m;[38;2;42;46;21m.[38;2;88;90;78m;[38;2;195;197;187m0[38;2;125;127;115ml[38;2;111;114;95mc[38;2;103;106;86m:[38;2;79;82;58m,[38;2;92;96;74m;[38;2;72;76;51m'[38;2;91;94;73m;[38;2;63;67;41m.[38;2;59;62;36m.[38;2;56;59;33m.[38;2;55;58;31m.[38;2;55;58;34m.[38;2;45;49;22m.[38;2;27;32;6m [38;2;21;25;1m [38;2;0;0;0m [38;2;4;4;0m [38;2;6;8;0m [38;2;14;18;1m [38;2;18;22;6m [38;2;24;27;14m [38;2;20;21;13m [38;2;25;30;10m [38;2;66;70;43m'[38;2;78;81;58m,[38;2;65;67;52m'[38;2;20;21;15m [38;2;3;5;1m [38;2;9;14;0m [38;2;13;14;10m [38;2;51;52;47m.[38;2;87;88;84m,[38;2;59;59;59m.[38;2;8;8;8m [38;2;0;0;0m   [0m
[0m[38;2;0;0;0m [38;2;64;64;64m'[38;2;41;44;23m.[38;2;45;48;23m.[38;2;44;49;23m.[38;2;99;102;84m:[38;2;157;160;145mx[38;2;140;142;130mo[38;2;102;105;83m:[38;2;119;121;103mc[38;2;138;140;122mo[38;2;124;127;108ml[38;2;113;116;93mc[38;2;100;104;79m:[38;2;51;55;25m.[38;2;49;53;22m.[38;2;49;52;21m.[38;2;46;51;16m.[38;2;45;48;24m.[38;2;32;34;9m.[38;2;11;15;0m [38;2;19;20;3m [38;2;0;0;0m   [38;2;5;5;0m [38;2;10;14;0m [38;2;14;18;5m [38;2;7;9;4m [38;2;47;52;30m.[38;2;72;76;50m'[38;2;54;57;42m.[38;2;5;5;4m [38;2;0;0;0m    [38;2;7;8;3m [38;2;73;74;71m'[38;2;96;96;96m;[38;2;10;10;10m [38;2;0;0;0m   [0m
