[0m[38;2;239;239;239mW[38;2;249;249;249mM[38;2;242;242;242mW[38;2;246;246;246mW[38;2;242;242;242mW[38;2;246;246;246mW[38;2;246;246;246mW[38;2;242;242;242mW[38;2;249;249;249mM[38;2;239;239;239mW[38;2;252;252;252mM[38;2;237;237;237mN[38;2;252;252;252mM[38;2;240;240;240mW[38;2;249;249;249mW[38;2;243;243;243mW[38;2;246;246;246mW[38;2;246;246;246mW[38;2;242;242;242mW[38;2;249;249;249mM[38;2;239;239;239mW[38;2;253;253;253mM[38;2;237;237;237mN[38;2;252;252;252mM[38;2;240;240;240mW[38;2;249;249;249mW[38;2;243;243;243mW[38;2;245;245;245mW[38;2;246;246;246mW[38;2;242;242;242mW[38;2;249;249;249mM[38;2;239;239;239mW[38;2;253;253;253mM[38;2;237;237;237mN[38;2;251;251;251mM[38;2;240;240;240mW[38;2;249;249;249mW[38;2;243;243;243mW[38;2;245;245;245mW[38;2;247;247;247mW[38;2;242;242;242mW[38;2;249;249;249mM[38;2;239;239;239mW[38;2;253;253;253mM[0m
[0m[38;2;245;245;245mW[38;2;245;245;245mW[38;2;245;245;245mW[38;2;245;245;245mW[38;2;245;245;245mW[38;2;245;245;245mW[38;2;245;245;245mW[38;2;245;245;245mW[38;2;245;245;245mW[38;2;245;245;245mW[38;2;245;245;245mW[38;2;245;245;245mW[38;2;245;245;245mW[38;2;245;245;245mW[38;2;245;245;245mW[38;2;245;245;245mW[38;2;245;245;245mW[38;2;245;245;245mW[38;2;245;245;245mW[38;2;245;245;245mW[38;2;245;245;245mW[38;2;245;245;245mW[38;2;245;245;245mW[38;2;245;245;245mW[38;2;245;245;245mW[38;2;245;245;245mW[38;2;245;245;245mW[38;2;245;245;245mW[38;2;245;245;245mW[38;2;245;245;245mW[38;2;245;245;245mW[38;2;245;245;245mW[38;2;245;245;245mW[38;2;245;245;245mW[38;2;245;245;245mW[38;2;245;245;245mW[38;2;245;245;245mW[38;2;245;245;245mW[38;2;245;245;245mW[38;2;245;245;245mW[38;2;245;245;245mW[38;2;245;245;245mW[38;2;245;245;245mW[38;2;245;245;245mW[0m
[0m[38;2;245;245;245mW[38;2;245;245;245mW[38;2;245;245;245mW[38;2;245;245;245mW[38;2;245;245;245mW[38;2;235;240;244mW[38;2;233;239;244mW[38;2;234;239;244mW[38;2;233;239;244mW[38;2;234;240;245mW[38;2;233;239;243mN[38;2;234;240;245mW[38;2;233;239;243mN[38;2;234;240;245mW[38;2;233;239;244mW[38;2;234;239;244mW[38;2;233;239;244mW[38;2;233;239;244mW[38;2;234;239;244mW[38;2;233;239;244mW[38;2;234;240;245mW[38;2;242;243;244mW[38;2;244;244;245mW[38;2;233;239;243mN[38;2;234;240;245mW[38;2;233;239;244mW[38;2;234;239;244mW[38;2;233;239;244mW[38;2;233;239;244mW[38;2;234;239;244mW[38;2;233;239;244mW[38;2;234;240;245mW[38;2;233;239;243mN[38;2;234;240;245mW[38;2;233;239;244mN[38;2;234;240;245mW[38;2;233;239;244mW[38;2;234;239;244mW[38;2;234;240;244mW[38;2;245;245;245mW[38;2;245;245;245mW[38;2;245;245;245mW[38;2;245;245;245mW[38;2;245;245;245mW[0m
[0m[38;2;245;245;245mW[38;2;245;245;245mW[38;2;245;245;245mW[38;2;245;245;245mW[38;2;245;245;245mW[38;2;41;144;229ml[38;2;0;124;226m:::::::::::::::[38;2;193;219;241mK[38;2;209;228;243mX[38;2;0;124;226m:::::::::::::::[38;2;23;135;228mc[38;2;245;245;245mW[38;2;245;245;245mW[38;2;245;245;245mW[38;2;245;245;245mW[38;2;245;245;245mW[0m
[0m[38;2;245;245;245mW[38;2;245;245;245mW[38;2;245;245;245mW[38;2;245;245;245mW[38;2;245;245;245mW[38;2;41;144;229ml[38;2;0;124;226m:::::::::::::::[38;2;193;219;241mK[38;2;209;228;243mX[38;2;0;124;226m:::::::::::::::[38;2;23;135;228mc[38;2;245;245;245mW[38;2;245;245;245mW[38;2;245;245;245mW[38;2;245;245;245mW[38;2;245;245;245mW[0m
[0m[38;2;245;245;245mW[38;2;245;245;245mW[38;2;245;245;245mW[38;2;245;245;245mW[38;2;245;245;245mW[38;2;41;144;229ml[38;2;0;124;226m:::::::::::::::[38;2;193;219;241mK[38;2;209;228;243mX[38;2;0;124;226m:::::::::::::::[38;2;23;135;228mc[38;2;245;245;245mW[38;2;245;245;245mW[38;2;245;245;245mW[38;2;245;245;245mW[38;2;245;245;245mW[0m
[0m[38;2;245;245;245mW[38;2;245;245;245mW[38;2;245;245;245mW[38;2;245;245;245mW[38;2;245;245;245mW[38;2;41;144;229ml[38;2;0;124;226m:::::::::::::::[38;2;193;219;241mK[38;2;209;228;243mX[38;2;0;124;226m:::::::::::::::[38;2;23;135;228mc[38;2;245;245;245mW[38;2;245;245;245mW[38;2;245;245;245mW[38;2;245;245;245mW[38;2;245;245;245mW[0m
[0m[38;2;245;245;245mW[38;2;245;245;245mW[38;2;245;245;245mW[38;2;245;245;245mW[38;2;245;245;245mW[38;2;41;144;229ml[38;2;0;124;226m:::::::::::::::[38;2;193;219;241mK[38;2;209;228;243mX[38;2;0;124;226m:::::::::::::::[38;2;23;135;228mc[38;2;245;245;245mW[38;2;245;245;245mW[38;2;245;245;245mW[38;2;245;245;245mW[38;2;245;245;245mW[0m
[0m[38;2;245;245;245mW[38;2;245;245;245mW[38;2;245;245;245mW[38;2;245;245;245mW[38;2;245;245;245mW[38;2;41;144;229ml[38;2;0;124;226m:::::::::::::::[38;2;193;219;241mK[38;2;209;228;243mX[38;2;0;124;226m:::::::::::::::[38;2;23;135;228mc[38;2;245;245;245mW[38;2;245;245;245mW[38;2;245;245;245mW[38;2;245;245;245mW[38;2;245;245;245mW[0m
[0m[38;2;245;245;245mW[38;2;245;245;245mW[38;2;245;245;245mW[38;2;245;245;245mW[38;2;245;245;245mW[38;2;41;144;229ml[38;2;0;124;226m:::::::::::::::[38;2;193;219;241mK[38;2;209;228;243mX[38;2;0;124;226m:::::::::::::::[38;2;23;135;228mc[38;2;245;245;245mW[38;2;245;245;245mW[38;2;245;245;245mW[38;2;245;245;245mW[38;2;245;245;245mW[0m
[0m[38;2;245;245;245mW[38;2;245;245;245mW[38;2;245;245;245mW[38;2;245;245;245mW[38;2;245;245;245mW[38;2;122;184;235mk[38;2;99;172;233mx[38;2;100;174;235mx[38;2;97;171;231md[38;2;102;176;236mx[38;2;95;169;230md[38;2;103;177;238mx[38;2;95;169;230md[38;2;102;176;236mx[38;2;97;171;232md[38;2;100;174;235mx[38;2;99;172;233mx[38;2;99;172;233mx[38;2;100;174;235mx[38;2;97;171;231md[38;2;102;176;237mx[38;2;213;229;242mX[38;2;225;235;244mN[38;2;95;169;230md[38;2;102;176;236mx[38;2;97;171;232md[38;2;100;174;235mx[38;2;99;173;234mx[38;2;98;172;233mx[38;2;100;174;235mx[38;2;97;171;231md[38;2;102;176;237mx[38;2;95;169;230md[38;2;103;177;238mx[38;2;96;170;231md[38;2;102;176;236mx[38;2;97;171;232md[38;2;100;174;235mx[38;2;113;180;235mx[38;2;245;245;245mW[38;2;245;245;245mW[38;2;245;245;245mW[38;2;245;245;245mW[38;2;245;245;245mW[0m
[0m[38;2;245;245;245mW[38;2;245;245;245mW[38;2;245;245;245mW[38;2;245;245;245mW[38;2;245;245;245mW[38;2;125;186;237mk[38;2;100;173;234mx[38;2;98;172;233mx[38;2;101;175;236mx[38;2;97;171;231md[38;2;102;176;237mx[38;2;96;170;230md[38;2;102;176;237mx[38;2;97;171;231md[38;2;101;175;235mx[38;2;98;172;233mx[38;2;100;173;234mx[38;2;100;173;234mx[38;2;98;172;233mx[38;2;101;175;236mx[38;2;97;170;231md[38;2;215;231;244mN[38;2;223;234;243mN[38;2;102;176;237mx[38;2;97;171;231md[38;2;101;175;235mx[38;2;99;172;233mx[38;2;99;173;234mx[38;2;100;174;234mx[38;2;98;172;233mx[38;2;101;175;236mx[38;2;97;170;231md[38;2;103;177;237mx[38;2;96;170;230md[38;2;102;176;237mx[38;2;97;171;231md[38;2;101;175;235mx[38;2;99;172;233mx[38;2;113;179;234mx[38;2;245;245;245mW[38;2;245;245;245mW[38;2;245;245;245mW[38;2;245;245;245mW[38;2;245;245;245mW[0m
[0m[38;2;245;245;245mW[38;2;245;245;245mW[38;2;245;245;245mW[38;2;245;245;245mW[38;2;245;245;245mW[38;2;41;144;229ml[38;2;0;124;226m:::::::::::::::[38;2;193;219;241mK[38;2;209;227;242mX[38;2;0;124;226m:::::::::::::::[38;2;23;135;228mc[38;2;245;245;245mW[38;2;245;245;245mW[38;2;245;245;245mW[38;2;245;245;245mW[38;2;245;245;245mW[0m
[0m[38;2;245;245;245mW[38;2;245;245;245mW[38;2;245;245;245mW[38;2;245;245;245mW[38;2;245;245;245mW[38;2;41;144;229ml[38;2;0;124;226m:::::::::::::::[38;2;193;219;241mK[38;2;209;227;242mX[38;2;0;124;226m:::::::::::::::[38;2;23;135;228mc[38;2;245;245;245mW[38;2;245;245;245mW[38;2;245;245;245mW[38;2;245;245;245mW[38;2;245;245;245mW[0m
[0m[38;2;245;245;245mW[38;2;245;245;245mW[38;2;245;245;245mW[38;2;245;245;245mW[38;2;245;245;245mW[38;2;41;144;229ml[38;2;0;124;226m:::::::::::::::[38;2;193;219;241mK[38;2;209;227;242mX[38;2;0;124;226m:::::::::::::::[38;2;23;135;228mc[38;2;245;245;245mW[38;2;245;245;245mW[38;2;245;245;245mW[38;2;245;245;245mW[38;2;245;245;245mW[0m
[0m[38;2;245;245;245mW[38;2;245;245;245mW[38;2;245;245;245mW[38;2;245;245;245mW[38;2;245;245;245mW[38;2;41;144;229ml[38;2;0;124;226m:::::::::::::::[38;2;193;219;241mK[38;2;209;227;242mX[38;2;0;124;226m:::::::::::::::[38;2;23;135;228mc[38;2;245;245;245mW[38;2;245;245;245mW[38;2;245;245;245mW[38;2;245;245;245mW[38;2;245;245;245mW[0m
[0m[38;2;245;245;245mW[38;2;245;245;245mW[38;2;245;245;245mW[38;2;245;245;245mW[38;2;245;245;245mW[38;2;41;144;229ml[38;2;0;124;226m:::::::::::::::[38;2;193;219;241mK[38;2;209;227;242mX[38;2;0;124;226m:::::::::::::::[38;2;23;135;228mc[38;2;245;245;245mW[38;2;245;245;245mW[38;2;245;245;245mW[38;2;245;245;245mW[38;2;245;245;245mW[0m
[0m[38;2;245;245;245mW[38;2;245;245;245mW[38;2;245;245;245mW[38;2;245;245;245mW[38;2;245;245;245mW[38;2;41;144;229ml[38;2;0;124;226m:::::::::::::::[38;2;193;219;241mK[38;2;209;227;242mX[38;2;0;124;226m:::::::::::::::[38;2;23;135;228mc[38;2;245;245;245mW[38;2;245;245;245mW[38;2;245;245;245mW[38;2;245;245;245mW[38;2;245;245;245mW[0m
[0m[38;2;244;244;244mW[38;2;245;245;245mW[38;2;245;245;245mW[38;2;245;245;245mW[38;2;245;245;245mW[38;2;42;145;229ml[38;2;1;124;226m:[38;2;1;124;226m:[38;2;1;124;226m:[38;2;1;125;226m:[38;2;1;124;226m:[38;2;1;125;226m:[38;2;1;124;226m:[38;2;1;125;226m:[38;2;1;124;226m:[38;2;1;124;226m:[38;2;1;124;226m:[38;2;1;124;226m:[38;2;1;124;226m:[38;2;1;124;226m:[38;2;1;125;226m:[38;2;194;220;242mX[38;2;209;227;242mX[38;2;1;124;226m:[38;2;1;125;226m:[38;2;1;124;226m:[38;2;1;124;226m:[38;2;1;124;226m:[38;2;1;124;226m:[38;2;1;124;226m:[38;2;1;124;226m:[38;2;1;125;226m:[38;2;1;124;226m:[38;2;1;125;226m:[38;2;1;124;226m:[38;2;1;125;226m:[38;2;1;124;226m:[38;2;1;124;226m:[38;2;24;136;228mc[38;2;245;245;245mW[38;2;245;245;245mW[38;2;245;245;245mW[38;2;244;244;244mW[38;2;246;246;246mW[0m
[0m[38;2;245;245;245mW[38;2;245;245;245mW[38;2;245;245;245mW[38;2;245;245;245mW[38;2;245;245;245mW[38;2;241;243;245mW[38;2;240;242;245mW[38;2;240;242;244mW[38;2;240;243;245mW[38;2;239;242;244mW[38;2;240;243;245mW[38;2;239;242;244mW[38;2;240;243;245mW[38;2;239;242;244mW[38;2;240;243;245mW[38;2;240;242;244mW[38;2;240;242;245mW[38;2;240;242;245mW[38;2;240;242;244mW[38;2;240;243;245mW[38;2;239;242;244mW[38;2;244;245;245mW[38;2;244;244;245mW[38;2;240;243;245mW[38;2;239;242;244mW[38;2;240;243;245mW[38;2;240;242;244mW[38;2;240;242;245mW[38;2;240;242;245mW[38;2;240;242;244mW[38;2;240;243;245mW[38;2;239;242;244mW[38;2;240;243;245mW[38;2;239;242;244mW[38;2;240;243;245mW[38;2;239;242;244mW[38;2;240;243;245mW[38;2;240;242;244mW[38;2;240;243;245mW[38;2;245;245;245mW[38;2;245;245;245mW[38;2;245;245;245mW[38;2;245;245;245mW[38;2;245;245;245mW[0m
[0m[38;2;245;245;245mW[38;2;245;245;245mW[38;2;245;245;245mW[38;2;245;245;245mW[38;2;245;245;245mW[38;2;245;245;245mW[38;2;245;245;245mW[38;2;245;245;245mW[38;2;245;245;245mW[38;2;245;245;245mW[38;2;245;245;245mW[38;2;245;245;245mW[38;2;245;245;245mW[38;2;245;245;245mW[38;2;245;245;245mW[38;2;245;245;245mW[38;2;245;245;245mW[38;2;245;245;245mW[38;2;245;245;245mW[38;2;245;245;245mW[38;2;245;245;245mW[38;2;245;245;245mW[38;2;245;245;245mW[38;2;245;245;245mW[38;2;245;245;245mW[38;2;245;245;245mW[38;2;245;245;245mW[38;2;245;245;245mW[38;2;245;245;245mW[38;2;245;245;245mW[38;2;245;245;245mW[38;2;245;245;245mW[38;2;245;245;245mW[38;2;245;245;245mW[38;2;245;245;245mW[38;2;245;245;245mW[38;2;245;245;245mW[38;2;245;245;245mW[38;2;245;245;245mW[38;2;245;245;245mW[38;2;245;245;245mW[38;2;245;245;245mW[38;2;245;245;245mW[38;2;245;245;245mW[0m
[0m[38;2;251;251;251mM[38;2;241;241;241mW[38;2;248;248;248mW[38;2;244;244;244mW[38;2;248;248;248mW[38;2;244;244;244mW[38;2;244;244;244mW[38;2;248;248;248mW[38;2;241;241;241mW[38;2;250;250;250mM[38;2;238;238;238mW[38;2;253;253;253mM[38;2;238;238;238mW[38;2;250;250;250mM[38;2;241;241;241mW[38;2;247;247;247mW[38;2;244;244;244mW[38;2;244;244;244mW[38;2;248;248;248mW[38;2;241;241;241mW[38;2;251;251;251mM[38;2;237;237;237mN[38;2;253;253;253mM[38;2;238;238;238mW[38;2;250;250;250mM[38;2;241;241;241mW[38;2;247;247;247mW[38;2;245;245;245mW[38;2;244;244;244mW[38;2;248;248;248mW[38;2;241;241;241mW[38;2;251;251;251mM[38;2;237;237;237mN[38;2;253;253;253mM[38;2;239;239;239mW[38;2;250;250;250mM[38;2;241;241;241mW[38;2;247;247;247mW[38;2;245;245;245mW[38;2;243;243;243mW[38;2;248;248;248mW[38;2;241;241;241mW[38;2;251;251;251mM[38;2;237;237;237mN[0m
