[0m[38;2;255;255;255m                                               [0m
[0m[38;2;255;255;255m             [38;2;4;4;4m [38;2;253;244;239mW[38;2;255;236;222mW[38;2;255;229;208mN[38;2;255;221;197mN[38;2;255;214;185mX[38;2;255;212;183mX[38;2;255;213;187mX[38;2;254;225;207mN[38;2;247;236;229mN[38;2;255;255;255m                        [0m
[0m[38;2;255;255;255m          [38;2;182;152;133mx[38;2;254;167;110mO[38;2;254;151;81mk[38;2;254;143;63mx[38;2;254;149;69mk[38;2;254;162;87mO[38;2;254;161;85mO[38;2;254;147;66mk[38;2;254;133;47mx[38;2;254;118;28md[38;2;254;105;10mo[38;2;245;92;0ml[38;2;229;81;0mc[38;2;218;90;27mc[38;2;217;123;82md[38;2;226;170;148mO[38;2;219;204;197mK[38;2;255;255;255m                    [0m
[0m[38;2;255;255;255m         [38;2;84;79;76m,[38;2;254;115;26md[38;2;254;118;27md[38;2;254;131;45mx[38;2;254;144;63mx[38;2;254;157;80mk[38;2;254;165;90mO[38;2;254;152;73mk[38;2;254;138;55mx[38;2;254;124;36md[38;2;254;110;17mo[38;2;251;97;2ml[38;2;235;85;0mc[38;2;218;74;0m:[38;2;201;62;0m;[38;2;184;51;0m,[38;2;167;39;0m'[38;2;85;40;27m.[38;2;254;254;254m [38;2;215;225;191mX[38;2;175;178;170mk[38;2;255;255;255m                 [0m
[0m[38;2;255;255;255m         [38;2;237;147;91mk[38;2;254;112;20mo[38;2;254;126;37md[38;2;254;139;56mx[38;2;254;152;73mk[38;2;254;164;89mO[38;2;254;158;81mk[38;2;254;144;62mx[38;2;254;130;43mx[38;2;254;116;24md[38;2;253;102;6mo[38;2;242;90;0ml[38;2;225;78;0mc[38;2;208;67;0m:[38;2;191;55;0m;[38;2;174;44;0m,[38;2;137;32;4m.[38;2;218;218;218m [38;2;125;133;107ml[38;2;86;122;0m;[38;2;85;115;6m;[38;2;131;160;59mo[38;2;176;200;123mO[38;2;210;227;178mX[38;2;231;242;212mN[38;2;246;250;239mW[38;2;11;11;11m [38;2;255;255;255m  [38;2;45;45;44m.[38;2;249;252;244mM[38;2;239;249;220mW[38;2;226;245;192mN[38;2;211;238;162mX[38;2;188;224;124m0[38;2;158;201;81mk[38;2;77;86;56m,[38;2;255;255;255m [0m
[0m[38;2;255;255;255m        [38;2;136;116;104ml[38;2;254;108;14mo[38;2;254;120;30md[38;2;254;134;48mx[38;2;254;147;66mk[38;2;254;160;84mk[38;2;254;163;88mO[38;2;254;150;70mk[38;2;254;135;51mx[38;2;254;121;32md[38;2;254;107;13mo[38;2;248;94;1ml[38;2;232;83;0mc[38;2;215;71;0m:[38;2;197;60;0m;[38;2;181;48;0m,[38;2;164;37;0m'[38;2;52;35;30m.[38;2;49;50;49m.[38;2;120;157;35ml[38;2;76;103;0m,[38;2;87;120;0m;[38;2;98;136;0m:[38;2;104;152;0mc[38;2;110;168;0ml[38;2;117;182;1mo[38;2;126;195;4md[38;2;138;208;14mx[38;2;150;220;23mk[38;2;158;231;26mO[38;2;160;242;15m0[38;2;162;248;9m0[38;2;155;240;4mO[38;2;145;226;0mk[38;2;133;208;0mx[38;2;121;190;0md[38;2;81;122;2m;[38;2;213;213;213m [38;2;255;255;255m [0m
[0m[38;2;255;255;255m       [38;2;36;36;35m.[38;2;254;131;52mx[38;2;254;115;23md[38;2;254;128;41md[38;2;254;142;59mx[38;2;254;155;77mk[38;2;254;165;90mO[38;2;254;155;77mk[38;2;254;141;58mx[38;2;254;127;39md[38;2;254;113;20mo[38;2;252;99;4mo[38;2;238;87;0ml[38;2;221;76;0mc[38;2;204;64;0m:[38;2;187;53;0m,[38;2;170;41;0m'[38;2;108;36;16m.[38;2;243;243;243m [38;2;147;166;103md[38;2;79;111;0m;[38;2;83;113;0m;[38;2;94;129;0m:[38;2;102;145;0mc[38;2;107;162;0ml[38;2;114;177;0mo[38;2;122;190;1md[38;2;131;202;3mx[38;2;140;215;5mk[38;2;148;227;6mk[38;2;157;240;8mO[38;2;164;251;9m0[38;2;159;245;6m0[38;2;149;233;1mO[38;2;138;216;0mx[38;2;126;197;0md[38;2;109;169;0ml[38;2;43;48;31m.[38;2;255;255;255m  [0m
[0m[38;2;255;255;255m       [38;2;192;140;107md[38;2;254;110;16mo[38;2;254;123;34md[38;2;254;136;52mx[38;2;254;150;70mk[38;2;254;163;87mO[38;2;254;161;85mO[38;2;254;147;66mk[38;2;254;133;47mx[38;2;254;118;28md[38;2;254;104;9mo[38;2;245;92;0ml[38;2;228;80;0mc[38;2;211;69;0m:[38;2;194;57;0m;[38;2;177;46;0m,[38;2;160;35;0m'[38;2;14;11;10m [38;2;99;101;92m:[38;2;96;135;7m:[38;2;78;106;0m,[38;2;90;123;0m:[38;2;99;139;0mc[38;2;105;155;0ml[38;2;111;171;0mo[38;2;118;185;1mo[38;2;127;197;2md[38;2;136;210;4mx[38;2;145;223;6mk[38;2;153;235;7mO[38;2;162;248;9m0[38;2;162;249;7m0[38;2;153;237;3mO[38;2;143;223;0mk[38;2;131;205;0mx[38;2;119;186;0mo[38;2;64;89;13m'[38;2;240;240;240m [38;2;255;255;255m  [0m
[0m[38;2;255;255;255m      [38;2;93;87;83m;[38;2;254;112;22mo[38;2;254;118;27md[38;2;254;131;45mx[38;2;254;144;61mx[38;2;249;151;74mk[38;2;243;151;80mk[38;2;239;140;70mx[38;2;71;39;17m.[38;2;93;46;16m.[38;2;242;106;20mo[38;2;248;96;3ml[38;2;236;86;0mc[38;2;218;73;0m:[38;2;201;62;0m;[38;2;184;51;0m,[38;2;167;39;0m'[38;2;78;39;28m.[38;2;9;9;9m [38;2;144;177;69md[38;2;75;103;0m,[38;2;85;116;0m;[38;2;96;133;0m:[38;2;103;149;0mc[38;2;108;165;0ml[38;2;115;180;0mo[38;2;123;192;2md[38;2;132;205;3mx[38;2;142;217;5mk[38;2;150;230;7mO[38;2;158;243;8mO[38;2;164;251;8m0[38;2;157;242;5mO[38;2;147;230;1mk[38;2;136;212;0mx[38;2;123;193;0md[38;2;99;151;0mc[38;2;20;21;17m [38;2;255;255;255m   [0m
[0m[38;2;255;255;255m      [38;2;195;195;195m [38;2;153;153;153m [38;2;173;173;173m [38;2;193;193;193m [38;2;207;207;207m [38;2;193;177;172mO[38;2;232;225;230mN[38;2;232;232;243mN[38;2;237;240;254mW[38;2;240;243;253mW[38;2;91;89;88m;[38;2;227;227;227m [38;2;207;207;207m [38;2;179;179;179m [38;2;139;139;139m [38;2;106;34;5m.[38;2;138;36;6m'[38;2;224;224;224m [38;2;130;139;108ml[38;2;85;120;0m;[38;2;80;110;0m;[38;2;92;126;0m:[38;2;101;142;0mc[38;2;106;158;0ml[38;2;112;174;0mo[38;2;120;187;1md[38;2;129;200;3md[38;2;138;212;4mx[38;2;147;225;6mk[38;2;155;238;7mO[38;2;163;250;9m0[38;2;160;247;7m0[38;2;151;235;2mO[38;2;140;219;0mk[38;2;128;201;0md[38;2;115;179;0mo[38;2;54;66;26m.[38;2;253;253;253m [38;2;255;255;255m   [0m
[0m[38;2;255;255;255m     [38;2;95;97;102m;[38;2;186;201;255m0[38;2;164;184;255mO[38;2;151;174;255mk[38;2;149;172;255mk[38;2;152;174;255mk[38;2;156;178;255mO[38;2;148;171;255mk[38;2;136;162;255mx[38;2;124;152;255md[38;2;112;143;255md[38;2;102;133;253mo[38;2;105;131;246mo[38;2;123;141;241md[38;2;154;165;241mk[38;2;202;207;247mK[38;2;97;95;96m;[38;2;230;230;230m [38;2;251;251;251m [38;2;96;126;25m:[38;2;77;105;0m,[38;2;88;120;0m;[38;2;98;136;0m:[38;2;104;152;0mc[38;2;110;168;0ml[38;2;117;182;1mo[38;2;125;195;2md[38;2;134;208;4mx[38;2;143;220;5mk[38;2;151;233;7mO[38;2;160;246;8m0[38;2;163;251;8m0[38;2;155;240;4mO[38;2;145;226;0mk[38;2;133;208;0mx[38;2;121;190;0md[38;2;79;118;3m;[38;2;216;216;216m [38;2;255;255;255m    [0m
[0m[38;2;255;255;255m    [38;2;3;3;3m [38;2;118;148;255md[38;2;79;117;255mc[38;2;99;133;255mo[38;2;119;148;255md[38;2;139;164;255mx[38;2;157;178;255mO[38;2;153;175;255mk[38;2;141;166;255mk[38;2;129;156;255mx[38;2;116;146;255md[38;2;105;137;254mo[38;2;92;121;248ml[38;2;77;103;238mc[38;2;64;85;229m;[38;2;50;67;219m,[38;2;36;49;210m.[38;2;40;48;163m.[38;2;246;246;246m [38;2;135;134;123mo[38;2;217;213;171mK[38;2;44;46;36m.[38;2;157;157;157m [38;2;134;134;134m [38;2;54;78;3m'[38;2;113;176;0mo[38;2;122;190;1md[38;2;131;203;3mx[38;2;140;215;5mk[38;2;148;227;6mk[38;2;157;240;8mO[38;2;162;247;8m0[38;2;151;231;5mO[38;2;135;206;1mx[38;2;38;56;3m.[38;2;148;148;148m [38;2;159;159;159m [38;2;186;186;186m [38;2;255;255;255m     [0m
[0m[38;2;255;255;255m    [38;2;119;128;159ml[38;2;71;111;255mc[38;2;91;127;255ml[38;2;111;142;255md[38;2;131;158;255mx[38;2;151;173;255mk[38;2;157;178;255mO[38;2;145;169;255mk[38;2;134;160;255mx[38;2;121;150;255md[38;2;110;141;255mo[38;2;98;128;251ml[38;2;83;110;242mc[38;2;69;92;233m:[38;2;56;74;223m,[38;2;42;56;214m'[38;2;27;38;204m.[38;2;27;28;42m.[38;2;42;42;41m.[38;2;178;164;41md[38;2;140;119;1mc[38;2;168;144;26mo[38;2;203;183;89mk[38;2;229;214;151mK[38;2;239;230;189mN[38;2;225;223;191mX[38;2;192;200;166m0[38;2;3;3;2m [38;2;208;208;208m [38;2;43;46;35m.[38;2;200;212;162m0[38;2;205;210;159m0[38;2;215;210;151mK[38;2;233;220;150mX[38;2;250;229;138mX[38;2;250;221;97mX[38;2;185;161;53md[38;2;236;236;236m [38;2;255;255;255m     [0m
[0m[38;2;255;255;255m   [38;2;57;58;60m.[38;2;86;123;255ml[38;2;83;120;255ml[38;2;103;136;255mo[38;2;123;151;255md[38;2;143;167;255mk[38;2;158;179;255mO[38;2;150;173;255mk[38;2;138;164;255mx[38;2;126;154;255mx[38;2;114;145;255md[38;2;103;134;254mo[38;2;89;118;246ml[38;2;74;99;236m:[38;2;61;81;227m;[38;2;48;63;218m,[38;2;33;45;208m.[38;2;36;40;117m.[38;2;249;249;249m [38;2;161;159;104md[38;2;148;125;0mc[38;2;148;125;0mc[38;2;164;135;0ml[38;2;179;146;0mo[38;2;195;157;0md[38;2;210;167;2mx[38;2;218;176;9mk[38;2;227;186;20mk[38;2;235;195;33mO[38;2;242;203;45m0[38;2;250;208;43m0[38;2;253;208;31m0[38;2;255;206;14m0[38;2;254;204;1m0[38;2;253;203;0m0[38;2;251;203;0m0[38;2;233;190;2mO[38;2;62;57;33m.[38;2;255;255;255m      [0m
[0m[38;2;255;255;255m   [38;2;125;143;212mo[38;2;75;114;255mc[38;2;95;130;255mo[38;2;115;145;255md[38;2;135;161;255mx[38;2;154;176;255mk[38;2;155;177;255mk[38;2;143;167;255mk[38;2;131;158;255mx[38;2;119;148;255md[38;2;107;139;255mo[38;2;95;125;249ml[38;2;80;107;240mc[38;2;66;89;231m;[38;2;53;70;221m,[38;2;39;53;212m'[38;2;26;35;193m.[38;2;203;203;203m [38;2;89;90;84m;[38;2;165;145;11mo[38;2;142;120;0mc[38;2;157;131;0ml[38;2;173;142;0mo[38;2;188;153;0md[38;2;204;163;0mx[38;2;215;172;5mx[38;2;223;181;12mk[38;2;232;190;20mO[38;2;240;198;27mO[38;2;249;206;34m0[38;2;254;210;33mK[38;2;255;208;19m0[38;2;255;205;5m0[38;2;254;203;0m0[38;2;252;204;0m0[38;2;250;203;0m0[38;2;126;107;14m:[38;2;239;239;239m [38;2;255;255;255m      [0m
[0m[38;2;255;255;255m  [38;2;98;101;112m:[38;2;72;111;255mc[38;2;87;123;255ml[38;2;107;139;255mo[38;2;127;155;255mx[38;2;147;170;255mk[38;2;158;179;255mO[38;2;148;171;255mk[38;2;136;162;255mx[38;2;124;152;255md[38;2;112;143;255md[38;2;100;131;253mo[38;2;86;114;244mc[38;2;72;96;235m:[38;2;58;78;225m;[38;2;44;60;216m'[38;2;30;42;206m.[38;2;38;40;76m.[38;2;255;255;255m [38;2;189;180;81mk[38;2;141;119;0mc[38;2;151;127;0mc[38;2;167;138;0ml[38;2;182;148;0mo[38;2;198;159;0md[38;2;212;169;2mx[38;2;220;177;9mk[38;2;228;186;16mk[38;2;237;195;25mO[38;2;245;203;31m0[38;2;253;209;36m0[38;2;255;209;25m0[38;2;255;206;10m0[38;2;254;203;1m0[38;2;253;203;0m0[38;2;251;203;0m0[38;2;210;172;3mx[38;2;27;26;20m [38;2;255;255;255m       [0m
[0m[38;2;255;255;255m [38;2;10;10;10m [38;2;112;143;255md[38;2;79;117;255mc[38;2;99;133;255mo[38;2;119;148;255md[38;2;139;164;255mx[38;2;159;180;255mO[38;2;158;179;255mO[38;2;147;171;255mk[38;2;134;160;255mx[38;2;120;149;255md[38;2;105;137;254mo[38;2;91;121;247ml[38;2;77;103;238mc[38;2;64;85;229m;[38;2;50;67;219m,[38;2;36;49;210m.[38;2;29;36;152m.[38;2;235;235;235m [38;2;132;132;108ml[38;2;156;132;0ml[38;2;145;123;0mc[38;2;161;133;0ml[38;2;176;144;0mo[38;2;192;155;0md[38;2;207;165;1mx[38;2;217;174;7mx[38;2;225;183;13mk[38;2;234;192;22mO[38;2;242;200;29m0[38;2;251;207;36m0[38;2;255;210;31m0[38;2;255;207;16m0[38;2;254;204;3m0[38;2;254;203;0m0[38;2;252;204;0m0[38;2;245;199;1mO[38;2;88;78;28m'[38;2;253;253;253m [38;2;255;255;255m       [0m
[0m[38;2;255;255;255m [38;2;42;45;55m.[38;2;35;51;127m.[38;2;129;129;129m [38;2;158;158;158m [38;2;179;179;179m [38;2;191;191;191m [38;2;201;201;201m [38;2;206;206;206m [38;2;211;211;211m [38;2;215;215;215m [38;2;210;210;210m [38;2;199;199;199m [38;2;179;179;179m [38;2;147;147;147m [38;2;6;8;19m [38;2;46;63;218m,[38;2;27;39;205m.[38;2;23;23;33m [38;2;52;52;51m.[38;2;176;160;35md[38;2;140;119;0mc[38;2;155;129;0ml[38;2;170;140;0ml[38;2;185;150;0mo[38;2;201;161;0md[38;2;214;171;4mx[38;2;222;179;11mk[38;2;230;188;18mO[38;2;238;196;26mO[38;2;247;204;33m0[38;2;254;210;35mK[38;2;255;208;22m0[38;2;255;205;7m0[38;2;254;203;0m0[38;2;252;204;0m0[38;2;251;203;0m0[38;2;172;143;5mo[38;2;219;219;219m [38;2;255;255;255m        [0m
[0m[38;2;255;255;255m [38;2;253;253;253m [38;2;250;250;250m [38;2;255;255;255m            [38;2;255;255;255m [38;2;218;218;218m [38;2;184;184;184m [38;2;251;251;251m [38;2;55;55;36m.[38;2;148;126;0mc[38;2;148;125;0mc[38;2;164;136;0ml[38;2;179;146;0mo[38;2;195;157;0md[38;2;210;167;2mx[38;2;219;176;8mk[38;2;227;185;15mk[38;2;235;193;23mO[38;2;244;201;30m0[38;2;252;209;36m0[38;2;255;209;28m0[38;2;255;206;13m0[38;2;254;204;1m0[38;2;253;203;0m0[38;2;251;203;0m0[38;2;231;188;2mO[38;2;58;54;32m.[38;2;255;255;255m         [0m
[0m[38;2;255;255;255m                   [38;2;253;253;253m [38;2;216;216;216m [38;2;183;183;183m [38;2;160;160;160m [38;2;147;147;147m [38;2;168;139;1ml[38;2;216;174;5mx[38;2;224;182;12mk[38;2;232;190;20mO[38;2;240;198;28mO[38;2;248;206;34m0[38;2;252;208;32m0[38;2;245;201;17m0[38;2;226;186;4mk[38;2;110;93;2m;[38;2;164;164;164m [38;2;170;170;170m [38;2;179;179;179m [38;2;242;242;242m [38;2;255;255;255m         [0m
[0m[38;2;255;255;255m                        [38;2;245;245;245m [38;2;228;228;228m [38;2;220;220;220m [38;2;214;214;214m [38;2;213;213;213m [38;2;210;210;210m [38;2;213;213;213m [38;2;219;219;219m [38;2;233;233;233m [38;2;251;251;251m [38;2;255;255;255m             [0m
[0m[38;2;255;255;255m                                               [0m
